GCD Test
Bias: 5000.000000
IV_34254_025_PSS_HM_XX_DIODEHALFPSTOP
Date/Time: 4/13/2021 4:36:24 PM
Sensor Name: DIODEHALFPSTOP
Type: P
Annealing Status: Not Irradiated
Environment: RT
Tester: Andrew Kent

Time Delay per Ramp Step (s): 0.500

CV Time Delay per Measurement (s) :0.500

AC Voltage (V): 0.500

Current Number of measurements per voltage: 4.000

IV Time Delay per Measurement (s) :0.000


BiasVoltage	Total Current_Avg	Total Current_0	Total Current_1	Total Current_2	Total Current_3	Bias Current_Avg	Bias Current_0	Bias Current_1	Bias Current_2	Bias Current_3	Temperature	Air_Temp	Humidity	Dewpoint	
   -5.0000	-6.2725E-10	-4.5500E-10	-8.4700E-10	-6.4100E-10	-5.6600E-10	-6.782219E-10	-6.777226E-10	-6.781406E-10	-6.786668E-10	-6.783578E-10	   22.9883	 -246.8610	   29.1360	 -246.8610	
  -10.0000	-1.3665E-9	-1.3780E-9	-1.5350E-9	-1.3090E-9	-1.2440E-9	-1.342191E-9	-1.343575E-9	-1.342695E-9	-1.343076E-9	-1.339416E-9	   22.9883	 -246.8610	   29.1385	 -246.8610	
  -15.0000	-1.8125E-9	-1.9010E-9	-1.9590E-9	-1.7560E-9	-1.6340E-9	-1.783747E-9	-1.780237E-9	-1.797660E-9	-1.772821E-9	-1.784271E-9	   22.9883	 -246.8610	   29.1268	 -246.8610	
  -20.0000	-2.0023E-9	-1.7830E-9	-1.9090E-9	-1.9960E-9	-2.3210E-9	-2.111762E-9	-2.099090E-9	-2.116939E-9	-2.122164E-9	-2.108855E-9	   22.9883	 -246.8610	   29.1335	 -246.8610	
  -25.0000	-2.3178E-9	-2.3380E-9	-2.1240E-9	-2.2960E-9	-2.5130E-9	-2.538173E-9	-2.564644E-9	-2.522377E-9	-2.487637E-9	-2.578034E-9	   22.9909	 -246.8610	   29.1259	 -246.8610	
  -30.0000	-2.8153E-9	-3.0090E-9	-2.9700E-9	-2.8390E-9	-2.4430E-9	-2.748801E-9	-2.749317E-9	-2.746831E-9	-2.749376E-9	-2.749681E-9	   22.9883	 -246.8610	   29.1275	 -246.8610	
  -35.0000	-3.1177E-9	-3.0080E-9	-3.3590E-9	-3.1160E-9	-2.9880E-9	-2.983705E-9	-2.984810E-9	-2.983810E-9	-2.981409E-9	-2.984789E-9	   22.9883	 -246.8610	   29.1195	 -246.8610	
  -40.0000	-3.2828E-9	-3.0250E-9	-3.1800E-9	-3.5360E-9	-3.3900E-9	-3.195900E-9	-3.197173E-9	-3.194302E-9	-3.194935E-9	-3.197189E-9	   22.9883	 -246.8610	   29.1233	 -246.8610	
  -45.0000	-3.3583E-9	-3.5050E-9	-3.1210E-9	-3.3270E-9	-3.4800E-9	-3.402778E-9	-3.404440E-9	-3.408888E-9	-3.399416E-9	-3.398368E-9	   22.9883	 -246.8610	   29.1331	 -246.8610	
  -50.0000	-3.5517E-9	-3.7920E-9	-3.4320E-9	-3.4030E-9	-3.5800E-9	-3.584864E-9	-3.585318E-9	-3.583089E-9	-3.586594E-9	-3.584456E-9	   22.9883	 -246.8610	   29.1271	 -246.8610	
  -55.0000	-3.7588E-9	-3.9760E-9	-3.8520E-9	-3.5050E-9	-3.7020E-9	-3.759198E-9	-3.760765E-9	-3.760398E-9	-3.758960E-9	-3.756667E-9	   22.9883	 -246.8610	   29.1303	 -246.8610	
  -60.0000	-4.1533E-9	-3.9560E-9	-4.2960E-9	-4.2290E-9	-4.1320E-9	-3.917693E-9	-3.916814E-9	-3.922140E-9	-3.918043E-9	-3.913777E-9	   22.9883	 -246.8610	   29.1167	 -246.8610	
  -65.0000	-4.1600E-9	-4.1540E-9	-3.9100E-9	-4.1330E-9	-4.4430E-9	-4.120914E-9	-4.121263E-9	-4.121259E-9	-4.120640E-9	-4.120493E-9	   22.9883	 -246.8610	   29.1094	 -246.8610	
  -70.0000	-4.5365E-9	-4.4060E-9	-4.7570E-9	-4.5430E-9	-4.4400E-9	-4.266579E-9	-4.266989E-9	-4.266297E-9	-4.266810E-9	-4.266220E-9	   22.9883	 -246.8610	   29.1195	 -246.8610	
  -75.0000	-4.7075E-9	-4.5740E-9	-4.9050E-9	-4.7150E-9	-4.6360E-9	-4.407019E-9	-4.406173E-9	-4.406797E-9	-4.407793E-9	-4.407315E-9	   22.9909	 -246.8610	   29.1173	 -246.8610	
  -80.0000	-4.8573E-9	-4.6860E-9	-5.0080E-9	-4.9080E-9	-4.8270E-9	-4.540394E-9	-4.540901E-9	-4.540042E-9	-4.540563E-9	-4.540071E-9	   22.9883	 -246.8610	   29.1199	 -246.8610	
  -85.0000	-4.8133E-9	-5.0450E-9	-4.9830E-9	-4.6120E-9	-4.6130E-9	-4.669764E-9	-4.669888E-9	-4.669391E-9	-4.669718E-9	-4.670061E-9	   22.9883	 -246.8610	   29.0961	 -246.8610	
  -90.0000	-4.8945E-9	-5.1300E-9	-4.8530E-9	-4.7040E-9	-4.8910E-9	-4.794893E-9	-4.794337E-9	-4.794537E-9	-4.795383E-9	-4.795316E-9	   22.9883	 -246.8610	   29.1082	 -246.8610	
  -95.0000	-5.2615E-9	-5.0780E-9	-5.3520E-9	-5.3910E-9	-5.2250E-9	-4.916059E-9	-4.916213E-9	-4.916481E-9	-4.915973E-9	-4.915568E-9	   22.9883	 -246.8610	   29.1022	 -246.8610	
 -100.0000	-5.4170E-9	-5.4720E-9	-5.5600E-9	-5.3540E-9	-5.2820E-9	-5.035833E-9	-5.036485E-9	-5.036334E-9	-5.034975E-9	-5.035538E-9	   22.9883	 -246.8610	   29.1085	 -246.8610	
 -105.0000	-5.5008E-9	-5.7270E-9	-5.5560E-9	-5.5190E-9	-5.2010E-9	-5.152072E-9	-5.152511E-9	-5.151711E-9	-5.152760E-9	-5.151307E-9	   22.9883	 -246.8610	   29.0987	 -246.8610	
 -110.0000	-5.6720E-9	-5.7430E-9	-5.8010E-9	-5.6110E-9	-5.5330E-9	-5.262932E-9	-5.261723E-9	-5.262844E-9	-5.263598E-9	-5.263562E-9	   22.9883	 -246.8610	   29.0990	 -246.8610	
 -115.0000	-5.7837E-9	-5.7330E-9	-5.9640E-9	-5.7590E-9	-5.6790E-9	-5.371253E-9	-5.371485E-9	-5.371398E-9	-5.371481E-9	-5.370649E-9	   22.9883	 -246.8610	   29.0961	 -246.8610	
 -120.0000	-5.8778E-9	-5.7430E-9	-5.9060E-9	-6.0360E-9	-5.8260E-9	-5.477337E-9	-5.479795E-9	-5.476268E-9	-5.476462E-9	-5.476824E-9	   22.9883	 -246.8610	   29.0911	 -246.8610	
 -125.0000	-5.7370E-9	-5.8600E-9	-5.5390E-9	-5.7040E-9	-5.8450E-9	-5.578456E-9	-5.577153E-9	-5.577883E-9	-5.579652E-9	-5.579136E-9	   22.9883	 -246.8610	   29.0813	 -246.8610	
 -130.0000	-6.0900E-9	-5.9330E-9	-6.0210E-9	-6.2570E-9	-6.1490E-9	-5.676201E-9	-5.676662E-9	-5.677007E-9	-5.674879E-9	-5.676254E-9	   22.9883	 -246.8610	   29.0961	 -246.8610	
 -135.0000	-6.2353E-9	-6.2330E-9	-6.3860E-9	-6.1790E-9	-6.1430E-9	-5.773691E-9	-5.772292E-9	-5.773091E-9	-5.774545E-9	-5.774836E-9	   22.9909	 -246.8610	   29.0990	 -246.8610	
 -140.0000	-6.2890E-9	-6.1060E-9	-6.2140E-9	-6.4180E-9	-6.4180E-9	-5.866873E-9	-5.867133E-9	-5.867567E-9	-5.866375E-9	-5.866415E-9	   22.9883	 -246.8610	   29.0958	 -246.8610	
 -145.0000	-6.1800E-9	-6.3820E-9	-6.0830E-9	-6.0160E-9	-6.2390E-9	-5.959752E-9	-5.959830E-9	-5.960354E-9	-5.959576E-9	-5.959249E-9	   22.9883	 -246.8610	   29.0816	 -246.8610	
 -150.0000	-6.5447E-9	-6.4610E-9	-6.6810E-9	-6.5800E-9	-6.4570E-9	-6.050495E-9	-6.050746E-9	-6.051579E-9	-6.050221E-9	-6.049433E-9	   22.9883	 -246.8610	   29.0844	 -246.8610	
 -155.0000	-6.6307E-9	-6.5110E-9	-6.6910E-9	-6.7570E-9	-6.5640E-9	-6.138343E-9	-6.137953E-9	-6.138052E-9	-6.137864E-9	-6.139503E-9	   22.9909	 -246.8610	   29.0904	 -246.8610	
 -160.0000	-6.6877E-9	-6.4950E-9	-6.6240E-9	-6.8390E-9	-6.7930E-9	-6.226828E-9	-6.226445E-9	-6.227101E-9	-6.228233E-9	-6.225534E-9	   22.9883	 -246.8610	   29.0886	 -246.8610	
 -165.0000	-6.8453E-9	-6.8100E-9	-7.0080E-9	-6.8020E-9	-6.7610E-9	-6.314428E-9	-6.314796E-9	-6.313471E-9	-6.314170E-9	-6.315275E-9	   22.9909	 -246.8610	   29.0784	 -246.8610	
 -170.0000	-6.7050E-9	-6.5270E-9	-6.5820E-9	-6.7650E-9	-6.9460E-9	-6.399518E-9	-6.399545E-9	-6.399638E-9	-6.400115E-9	-6.398772E-9	   22.9883	 -246.8610	   29.0762	 -246.8610	
 -175.0000	-6.7555E-9	-6.8910E-9	-6.5600E-9	-6.7040E-9	-6.8670E-9	-6.483068E-9	-6.481877E-9	-6.482626E-9	-6.483738E-9	-6.484031E-9	   22.9909	 -246.8610	   29.0731	 -246.8610	
 -180.0000	-6.8630E-9	-7.0860E-9	-6.8800E-9	-6.6350E-9	-6.8510E-9	-6.563718E-9	-6.564338E-9	-6.563570E-9	-6.564619E-9	-6.562343E-9	   22.9883	 -246.8610	   29.0715	 -246.8610	
 -185.0000	-6.9493E-9	-7.1210E-9	-6.7730E-9	-6.8660E-9	-7.0370E-9	-6.644398E-9	-6.644520E-9	-6.644183E-9	-6.644559E-9	-6.644331E-9	   22.9883	 -246.8610	   29.0870	 -246.8610	
 -190.0000	-7.2880E-9	-7.1650E-9	-7.3480E-9	-7.4150E-9	-7.2240E-9	-6.724743E-9	-6.725295E-9	-6.725696E-9	-6.724890E-9	-6.723093E-9	   22.9909	 -246.8610	   29.0765	 -246.8610	
 -195.0000	-7.3937E-9	-7.4180E-9	-7.5290E-9	-7.3260E-9	-7.3020E-9	-6.803351E-9	-6.801788E-9	-6.802661E-9	-6.803645E-9	-6.805310E-9	   22.9883	 -246.8610	   29.0705	 -246.8610	
 -200.0000	-7.4875E-9	-7.3970E-9	-7.6320E-9	-7.5100E-9	-7.4110E-9	-6.881800E-9	-6.881397E-9	-6.881710E-9	-6.881162E-9	-6.882931E-9	   22.9909	 -246.8610	   29.0822	 -246.8610	
 -205.0000	-7.3075E-9	-7.5260E-9	-7.3020E-9	-7.0730E-9	-7.3290E-9	-6.955958E-9	-6.956083E-9	-6.956010E-9	-6.955115E-9	-6.956625E-9	   22.9883	 -246.8610	   29.0791	 -246.8610	
 -210.0000	-7.6522E-9	-7.5890E-9	-7.8100E-9	-7.6250E-9	-7.5850E-9	-7.031716E-9	-7.031252E-9	-7.031259E-9	-7.031867E-9	-7.032486E-9	   22.9883	 -246.8610	   29.0724	 -246.8610	
 -215.0000	-7.6610E-9	-7.4140E-9	-7.5970E-9	-7.8340E-9	-7.7990E-9	-7.105895E-9	-7.105266E-9	-7.105492E-9	-7.105836E-9	-7.106987E-9	   22.9883	 -246.8610	   29.0670	 -246.8610	
 -220.0000	-7.8227E-9	-7.8140E-9	-7.9720E-9	-7.7650E-9	-7.7400E-9	-7.179828E-9	-7.178860E-9	-7.179417E-9	-7.179698E-9	-7.181339E-9	   22.9909	 -246.8610	   29.0674	 -246.8610	
 -225.0000	-7.8607E-9	-7.6780E-9	-7.8070E-9	-8.0610E-9	-7.8970E-9	-7.251389E-9	-7.251201E-9	-7.250893E-9	-7.251431E-9	-7.252032E-9	   22.9909	 -246.8610	   29.0797	 -246.8610	
 -230.0000	-7.7780E-9	-7.5430E-9	-7.6500E-9	-7.8440E-9	-8.0750E-9	-7.320781E-9	-7.318358E-9	-7.321551E-9	-7.320937E-9	-7.322280E-9	   22.9909	 -246.8610	   29.0851	 -246.8610	
 -235.0000	-7.8150E-9	-8.0390E-9	-7.8610E-9	-7.5510E-9	-7.8090E-9	-7.393370E-9	-7.394275E-9	-7.393306E-9	-7.392576E-9	-7.393322E-9	   22.9909	 -246.8610	   29.0769	 -246.8610	
 -240.0000	-8.1545E-9	-8.1240E-9	-8.3220E-9	-8.1060E-9	-8.0660E-9	-7.464054E-9	-7.464757E-9	-7.464206E-9	-7.463933E-9	-7.463319E-9	   22.9909	 -246.8610	   29.0772	 -246.8610	
 -245.0000	-7.9808E-9	-8.1950E-9	-8.0860E-9	-7.7120E-9	-7.9300E-9	-7.535116E-9	-7.534236E-9	-7.535300E-9	-7.535199E-9	-7.535728E-9	   22.9909	 -246.8610	   29.0775	 -246.8610	
 -250.0000	-8.0525E-9	-8.2840E-9	-8.0780E-9	-7.7740E-9	-8.0740E-9	-7.604916E-9	-7.606041E-9	-7.604966E-9	-7.604601E-9	-7.604055E-9	   22.9909	 -246.8610	   29.0829	 -246.8610	
 -255.0000	-8.1250E-9	-8.3480E-9	-8.0200E-9	-7.9350E-9	-8.1970E-9	-7.673975E-9	-7.673768E-9	-7.672678E-9	-7.674840E-9	-7.674615E-9	   22.9909	 -246.8610	   29.0693	 -246.8610	
 -260.0000	-8.2135E-9	-8.4430E-9	-8.1940E-9	-7.9590E-9	-8.2580E-9	-7.743489E-9	-7.743820E-9	-7.741797E-9	-7.744402E-9	-7.743935E-9	   22.9909	 -246.8610	   29.0822	 -246.8610	
 -265.0000	-8.2940E-9	-8.5220E-9	-8.1690E-9	-8.1170E-9	-8.3680E-9	-7.811945E-9	-7.813047E-9	-7.811865E-9	-7.811505E-9	-7.811362E-9	   22.9909	 -246.8610	   29.0677	 -246.8610	
 -270.0000	-8.6205E-9	-8.6430E-9	-8.7900E-9	-8.5680E-9	-8.4810E-9	-7.883617E-9	-7.882946E-9	-7.882543E-9	-7.885077E-9	-7.883901E-9	   22.9883	 -246.8610	   29.0718	 -246.8610	
 -275.0000	-8.4582E-9	-8.5120E-9	-8.1830E-9	-8.4760E-9	-8.6620E-9	-7.953118E-9	-7.951729E-9	-7.953289E-9	-7.954040E-9	-7.953414E-9	   22.9883	 -246.8610	   29.0708	 -246.8610	
 -280.0000	-8.7780E-9	-8.8040E-9	-8.9440E-9	-8.7340E-9	-8.6300E-9	-8.020532E-9	-8.020106E-9	-8.021228E-9	-8.019659E-9	-8.021135E-9	   22.9909	 -246.8610	   29.0702	 -246.8610	
 -285.0000	-8.6058E-9	-8.8380E-9	-8.5000E-9	-8.4010E-9	-8.6840E-9	-8.091846E-9	-8.091810E-9	-8.092348E-9	-8.092340E-9	-8.090885E-9	   22.9909	 -246.8610	   29.0721	 -246.8610	
 -290.0000	-8.6940E-9	-8.9320E-9	-8.6210E-9	-8.4610E-9	-8.7620E-9	-8.158136E-9	-8.157050E-9	-8.158088E-9	-8.158527E-9	-8.158878E-9	   22.9883	 -246.8610	   29.0734	 -246.8610	
 -295.0000	-8.9280E-9	-9.1910E-9	-9.0600E-9	-8.9500E-9	-8.5110E-9	-8.227379E-9	-8.227171E-9	-8.227841E-9	-8.228061E-9	-8.226441E-9	   22.9909	 -246.8610	   29.0651	 -246.8610	
 -300.0000	-9.0050E-9	-9.2780E-9	-9.1300E-9	-9.0340E-9	-8.5780E-9	-8.296920E-9	-8.298285E-9	-8.297359E-9	-8.295662E-9	-8.296372E-9	   22.9909	 -246.8610	   29.0626	 -246.8610	
 -305.0000	-9.0373E-9	-9.3960E-9	-9.1540E-9	-8.9910E-9	-8.6080E-9	-8.369106E-9	-8.369884E-9	-8.368336E-9	-8.368958E-9	-8.369245E-9	   22.9883	 -246.8610	   29.0677	 -246.8610	
 -310.0000	-9.1715E-9	-9.4120E-9	-9.3280E-9	-9.2020E-9	-8.7440E-9	-8.440063E-9	-8.441712E-9	-8.438977E-9	-8.439236E-9	-8.440326E-9	   22.9883	 -246.8610	   29.0645	 -246.8610	
 -315.0000	-9.0987E-9	-9.3310E-9	-9.1140E-9	-8.8030E-9	-9.1470E-9	-8.508879E-9	-8.508895E-9	-8.507777E-9	-8.509208E-9	-8.509635E-9	   22.9883	 -246.8610	   29.0633	 -246.8610	
 -320.0000	-9.2025E-9	-9.2060E-9	-8.8940E-9	-9.2250E-9	-9.4850E-9	-8.580131E-9	-8.580699E-9	-8.580240E-9	-8.579326E-9	-8.580260E-9	   22.9909	 -246.8610	   29.0639	 -246.8610	
 -325.0000	-9.2810E-9	-9.2050E-9	-9.0200E-9	-9.3200E-9	-9.5790E-9	-8.653034E-9	-8.654180E-9	-8.652123E-9	-8.653211E-9	-8.652622E-9	   22.9909	 -246.8610	   29.0667	 -246.8610	
 -330.0000	-9.3657E-9	-9.5940E-9	-9.5390E-9	-9.1590E-9	-9.1710E-9	-8.721673E-9	-8.721838E-9	-8.721304E-9	-8.721699E-9	-8.721852E-9	   22.9909	 -246.8610	   29.0465	 -246.8610	
 -335.0000	-9.6567E-9	-9.6230E-9	-9.8380E-9	-9.5970E-9	-9.5690E-9	-8.796166E-9	-8.795533E-9	-8.795759E-9	-8.797059E-9	-8.796313E-9	   22.9883	 -246.8610	   29.0585	 -246.8610	
 -340.0000	-9.7288E-9	-9.5830E-9	-9.8110E-9	-9.8350E-9	-9.6860E-9	-8.867624E-9	-8.865510E-9	-8.867693E-9	-8.869089E-9	-8.868205E-9	   22.9909	 -246.8610	   29.0566	 -246.8610	
 -345.0000	-9.8207E-9	-9.6890E-9	-9.9590E-9	-9.8620E-9	-9.7730E-9	-8.944683E-9	-8.943879E-9	-8.944840E-9	-8.945721E-9	-8.944292E-9	   22.9909	 -246.8610	   29.0582	 -246.8610	
 -350.0000	-9.7545E-9	-1.0072E-8	-9.8770E-9	-9.7160E-9	-9.3530E-9	-9.013982E-9	-9.015383E-9	-9.014950E-9	-9.012818E-9	-9.012779E-9	   22.9909	 -246.8610	   29.0585	 -246.8610	
 -355.0000	-9.7383E-9	-9.9640E-9	-9.7710E-9	-9.4590E-9	-9.7590E-9	-9.088367E-9	-9.085674E-9	-9.088202E-9	-9.090246E-9	-9.089348E-9	   22.9909	 -246.8610	   29.0484	 -246.8610	
 -360.0000	-9.4975E-9	-9.7300E-9	-9.4800E-9	-9.2000E-9	-9.5800E-9	-9.164350E-9	-9.164091E-9	-9.163567E-9	-9.164689E-9	-9.165052E-9	   22.9909	 -246.8610	   29.0557	 -246.8610	
 -365.0000	-9.6150E-9	-9.6700E-9	-9.2800E-9	-9.6400E-9	-9.8700E-9	-9.236502E-9	-9.236551E-9	-9.236571E-9	-9.237954E-9	-9.234932E-9	   22.9909	 -246.8610	   29.0626	 -246.8610	
 -370.0000	-1.0377E-8	-1.0390E-8	-1.0470E-8	-1.0520E-8	-1.0130E-8	-9.309866E-9	-9.311861E-9	-9.308880E-9	-9.309652E-9	-9.309072E-9	   22.9909	 -246.8610	   29.0525	 -246.8610	
 -375.0000	-1.0435E-8	-1.0170E-8	-1.0620E-8	-1.0500E-8	-1.0450E-8	-9.390721E-9	-9.391757E-9	-9.390998E-9	-9.388557E-9	-9.391572E-9	   22.9909	 -246.8610	   29.0541	 -246.8610	
 -380.0000	-1.0525E-8	-1.0310E-8	-1.0670E-8	-1.0550E-8	-1.0570E-8	-9.466840E-9	-9.468708E-9	-9.465716E-9	-9.468120E-9	-9.464816E-9	   22.9909	 -246.8610	   29.0402	 -246.8610	
 -385.0000	-1.0615E-8	-1.0370E-8	-1.0770E-8	-1.0670E-8	-1.0650E-8	-9.543103E-9	-9.543596E-9	-9.544286E-9	-9.542977E-9	-9.541552E-9	   22.9909	 -246.8610	   29.0398	 -246.8610	
 -390.0000	-1.0025E-8	-1.0230E-8	-9.9100E-9	-9.7800E-9	-1.0180E-8	-9.616349E-9	-9.618617E-9	-9.615118E-9	-9.616517E-9	-9.615144E-9	   22.9909	 -246.8610	   29.0436	 -246.8610	
 -395.0000	-1.0115E-8	-1.0300E-8	-9.8400E-9	-1.0020E-8	-1.0300E-8	-9.696734E-9	-9.696712E-9	-9.697344E-9	-9.697690E-9	-9.695189E-9	   22.9909	 -246.8610	   29.0484	 -246.8610	
 -400.0000	-1.0885E-8	-1.0670E-8	-1.0840E-8	-1.1010E-8	-1.1020E-8	-9.769386E-9	-9.770690E-9	-9.768044E-9	-9.769495E-9	-9.769316E-9	   22.9909	 -246.8610	   29.0338	 -246.8610	
 -410.0000	-1.1133E-8	-1.0890E-8	-1.1260E-8	-1.1160E-8	-1.1220E-8	-9.926419E-9	-9.929321E-9	-9.925192E-9	-9.923500E-9	-9.927662E-9	   22.9909	 -246.8610	   29.0538	 -246.8610	
 -420.0000	-1.1340E-8	-1.1140E-8	-1.1450E-8	-1.1360E-8	-1.1410E-8	-1.008821E-8	-1.008880E-8	-1.009011E-8	-1.008871E-8	-1.008524E-8	   22.9883	 -246.8610	   29.0402	 -246.8610	
 -430.0000	-1.1565E-8	-1.1660E-8	-1.1580E-8	-1.1620E-8	-1.1400E-8	-1.024775E-8	-1.024915E-8	-1.024872E-8	-1.024718E-8	-1.024596E-8	   22.9909	 -246.8610	   29.0417	 -246.8610	
 -440.0000	-1.1477E-8	-1.1570E-8	-1.1720E-8	-1.1420E-8	-1.1200E-8	-1.041159E-8	-1.041545E-8	-1.040990E-8	-1.041023E-8	-1.041079E-8	   22.9909	 -246.8610	   29.0405	 -246.8610	
 -450.0000	-1.1308E-8	-1.0990E-8	-1.1200E-8	-1.1430E-8	-1.1610E-8	-1.058129E-8	-1.058215E-8	-1.058062E-8	-1.058134E-8	-1.058105E-8	   22.9909	 -246.8610	   29.0497	 -246.8610	
 -460.0000	-1.1977E-8	-1.1960E-8	-1.1890E-8	-1.1900E-8	-1.2160E-8	-1.075062E-8	-1.075016E-8	-1.074976E-8	-1.075110E-8	-1.075145E-8	   22.9935	 -246.8610	   29.0497	 -246.8610	
 -470.0000	-1.2253E-8	-1.2170E-8	-1.2100E-8	-1.2370E-8	-1.2370E-8	-1.091868E-8	-1.092002E-8	-1.091626E-8	-1.091939E-8	-1.091907E-8	   22.9909	 -246.8610	   29.0364	 -246.8610	
 -480.0000	-1.2427E-8	-1.2360E-8	-1.2280E-8	-1.2510E-8	-1.2560E-8	-1.109418E-8	-1.109330E-8	-1.109541E-8	-1.109428E-8	-1.109375E-8	   22.9909	 -246.8610	   29.0455	 -246.8610	
 -490.0000	-1.2588E-8	-1.2500E-8	-1.2550E-8	-1.2500E-8	-1.2800E-8	-1.127091E-8	-1.126982E-8	-1.127144E-8	-1.127062E-8	-1.127177E-8	   22.9909	 -246.8610	   29.0421	 -246.8610	
 -500.0000	-1.2195E-8	-1.2420E-8	-1.2070E-8	-1.2000E-8	-1.2290E-8	-1.145709E-8	-1.145793E-8	-1.145729E-8	-1.145701E-8	-1.145613E-8	   22.9909	 -246.8610	   29.0370	 -246.8610	
 -510.0000	-1.2410E-8	-1.2710E-8	-1.2480E-8	-1.2150E-8	-1.2300E-8	-1.163761E-8	-1.163932E-8	-1.163670E-8	-1.163746E-8	-1.163697E-8	   22.9909	 -246.8610	   29.0364	 -246.8610	
 -520.0000	-1.2618E-8	-1.2530E-8	-1.2400E-8	-1.2680E-8	-1.2860E-8	-1.182187E-8	-1.181874E-8	-1.182288E-8	-1.182114E-8	-1.182473E-8	   22.9909	 -246.8610	   29.0348	 -246.8610	
 -530.0000	-1.3502E-8	-1.3380E-8	-1.3480E-8	-1.3580E-8	-1.3570E-8	-1.200748E-8	-1.200457E-8	-1.200623E-8	-1.201010E-8	-1.200904E-8	   22.9909	 -246.8610	   29.0376	 -246.8610	
 -540.0000	-1.3075E-8	-1.2890E-8	-1.2970E-8	-1.3130E-8	-1.3310E-8	-1.220132E-8	-1.220278E-8	-1.220055E-8	-1.220121E-8	-1.220072E-8	   22.9909	 -246.8610	   29.0411	 -246.8610	
 -550.0000	-1.3902E-8	-1.3810E-8	-1.3810E-8	-1.3980E-8	-1.4010E-8	-1.240210E-8	-1.240226E-8	-1.240039E-8	-1.240171E-8	-1.240402E-8	   22.9909	 -246.8610	   29.0316	 -246.8610	
 -560.0000	-1.3510E-8	-1.3810E-8	-1.3590E-8	-1.3340E-8	-1.3300E-8	-1.259620E-8	-1.259792E-8	-1.259612E-8	-1.259448E-8	-1.259626E-8	   22.9909	 -246.8610	   29.0493	 -246.8610	
 -570.0000	-1.3705E-8	-1.3970E-8	-1.3750E-8	-1.3550E-8	-1.3550E-8	-1.279827E-8	-1.280052E-8	-1.279696E-8	-1.279666E-8	-1.279894E-8	   22.9909	 -246.8610	   29.0319	 -246.8610	
 -580.0000	-1.3918E-8	-1.4180E-8	-1.3970E-8	-1.3760E-8	-1.3760E-8	-1.300419E-8	-1.300358E-8	-1.300648E-8	-1.300233E-8	-1.300437E-8	   22.9909	 -246.8610	   29.0376	 -246.8610	
 -590.0000	-1.4818E-8	-1.4730E-8	-1.4760E-8	-1.4890E-8	-1.4890E-8	-1.320791E-8	-1.320981E-8	-1.320868E-8	-1.320580E-8	-1.320734E-8	   22.9909	 -246.8610	   29.0351	 -246.8610	
 -600.0000	-1.4792E-8	-1.4500E-8	-1.4690E-8	-1.4940E-8	-1.5040E-8	-1.341902E-8	-1.341780E-8	-1.341891E-8	-1.342114E-8	-1.341822E-8	   22.9909	 -246.8610	   29.0367	 -246.8610	
 -610.0000	-1.5330E-8	-1.5230E-8	-1.5350E-8	-1.5400E-8	-1.5340E-8	-1.363056E-8	-1.363148E-8	-1.362860E-8	-1.363085E-8	-1.363131E-8	   22.9909	 -246.8610	   29.0335	 -246.8610	
 -620.0000	-1.5587E-8	-1.5490E-8	-1.5620E-8	-1.5640E-8	-1.5600E-8	-1.385424E-8	-1.385284E-8	-1.385386E-8	-1.385526E-8	-1.385500E-8	   22.9909	 -246.8610	   29.0338	 -246.8610	
 -630.0000	-1.5137E-8	-1.5440E-8	-1.5210E-8	-1.4940E-8	-1.4960E-8	-1.407906E-8	-1.408113E-8	-1.407652E-8	-1.407825E-8	-1.408032E-8	   22.9909	 -246.8610	   29.0417	 -246.8610	
 -640.0000	-1.5513E-8	-1.5920E-8	-1.5630E-8	-1.5360E-8	-1.5140E-8	-1.430040E-8	-1.430205E-8	-1.430032E-8	-1.429868E-8	-1.430054E-8	   22.9909	 -246.8610	   29.0383	 -246.8610	
 -650.0000	-1.6295E-8	-1.6310E-8	-1.6200E-8	-1.6330E-8	-1.6340E-8	-1.452324E-8	-1.452778E-8	-1.452202E-8	-1.452070E-8	-1.452247E-8	   22.9909	 -246.8610	   29.0338	 -246.8610	
 -660.0000	-1.6582E-8	-1.6500E-8	-1.6540E-8	-1.6690E-8	-1.6600E-8	-1.475407E-8	-1.475401E-8	-1.475831E-8	-1.475551E-8	-1.474845E-8	   22.9909	 -246.8610	   29.0376	 -246.8610	
 -670.0000	-1.6185E-8	-1.6400E-8	-1.6010E-8	-1.6010E-8	-1.6320E-8	-1.498763E-8	-1.498831E-8	-1.498935E-8	-1.498513E-8	-1.498771E-8	   22.9909	 -246.8610	   29.0202	 -246.8610	
 -680.0000	-1.7092E-8	-1.7200E-8	-1.7180E-8	-1.6960E-8	-1.7030E-8	-1.522492E-8	-1.522372E-8	-1.522568E-8	-1.522308E-8	-1.522720E-8	   22.9909	 -246.8610	   29.0240	 -246.8610	
 -690.0000	-1.6817E-8	-1.6740E-8	-1.6460E-8	-1.6870E-8	-1.7200E-8	-1.546540E-8	-1.546255E-8	-1.546149E-8	-1.546834E-8	-1.546922E-8	   22.9909	 -246.8610	   29.0408	 -246.8610	
 -700.0000	-1.7580E-8	-1.7700E-8	-1.7650E-8	-1.7490E-8	-1.7480E-8	-1.570567E-8	-1.570624E-8	-1.570481E-8	-1.570447E-8	-1.570716E-8	   22.9935	 -246.8610	   29.0250	 -246.8610	
 -710.0000	-1.7483E-8	-1.7860E-8	-1.7820E-8	-1.7370E-8	-1.6880E-8	-1.596353E-8	-1.596843E-8	-1.596197E-8	-1.596191E-8	-1.596181E-8	   22.9935	 -246.8610	   29.0240	 -246.8610	
 -720.0000	-1.8200E-8	-1.8190E-8	-1.8290E-8	-1.8290E-8	-1.8030E-8	-1.621669E-8	-1.621907E-8	-1.622074E-8	-1.621602E-8	-1.621093E-8	   22.9909	 -246.8610	   29.0278	 -246.8610	
 -730.0000	-1.7853E-8	-1.7990E-8	-1.7550E-8	-1.7780E-8	-1.8090E-8	-1.646112E-8	-1.646123E-8	-1.646127E-8	-1.646183E-8	-1.646014E-8	   22.9909	 -246.8610	   29.0285	 -246.8610	
 -740.0000	-1.8160E-8	-1.8240E-8	-1.7780E-8	-1.8180E-8	-1.8440E-8	-1.672328E-8	-1.672464E-8	-1.672213E-8	-1.672463E-8	-1.672174E-8	   22.9935	 -246.8610	   29.0297	 -246.8610	
 -750.0000	-1.8880E-8	-1.8650E-8	-1.9020E-8	-1.8920E-8	-1.8930E-8	-1.698419E-8	-1.698365E-8	-1.698658E-8	-1.697909E-8	-1.698743E-8	   22.9909	 -246.8610	   29.0225	 -246.8610	
 -760.0000	-1.8725E-8	-1.9160E-8	-1.8820E-8	-1.8480E-8	-1.8440E-8	-1.725668E-8	-1.725433E-8	-1.725660E-8	-1.725561E-8	-1.726020E-8	   22.9935	 -246.8610	   29.0285	 -246.8610	
 -770.0000	-1.9607E-8	-1.9680E-8	-1.9620E-8	-1.9610E-8	-1.9520E-8	-1.752398E-8	-1.752458E-8	-1.751537E-8	-1.752520E-8	-1.753075E-8	   22.9909	 -246.8610	   29.0395	 -246.8610	
 -780.0000	-1.9650E-8	-1.9370E-8	-1.9590E-8	-1.9860E-8	-1.9780E-8	-1.779337E-8	-1.779704E-8	-1.779434E-8	-1.778924E-8	-1.779286E-8	   22.9909	 -246.8610	   29.0386	 -246.8610	
 -790.0000	-1.9545E-8	-1.9810E-8	-1.9460E-8	-1.9300E-8	-1.9610E-8	-1.807422E-8	-1.807530E-8	-1.807664E-8	-1.807161E-8	-1.807335E-8	   22.9935	 -246.8610	   29.0256	 -246.8610	
 -800.0000	-2.0492E-8	-2.0550E-8	-2.0520E-8	-2.0500E-8	-2.0400E-8	-1.834642E-8	-1.834910E-8	-1.834192E-8	-1.834914E-8	-1.834551E-8	   22.9909	 -246.8610	   29.0206	 -246.8610	
 -810.0000	-2.0770E-8	-2.0770E-8	-2.0810E-8	-2.0760E-8	-2.0740E-8	-1.862269E-8	-1.861960E-8	-1.862310E-8	-1.862418E-8	-1.862388E-8	   22.9935	 -246.8610	   29.0168	 -246.8610	
 -820.0000	-2.1075E-8	-2.1100E-8	-2.1110E-8	-2.1060E-8	-2.1030E-8	-1.890065E-8	-1.890176E-8	-1.889889E-8	-1.890222E-8	-1.889975E-8	   22.9909	 -246.8610	   29.0269	 -246.8610	
 -830.0000	-2.1358E-8	-2.1430E-8	-2.1370E-8	-2.1330E-8	-2.1300E-8	-1.918806E-8	-1.918575E-8	-1.918451E-8	-1.918986E-8	-1.919213E-8	   22.9909	 -246.8610	   29.0237	 -246.8610	
 -840.0000	-2.1662E-8	-2.1710E-8	-2.1660E-8	-2.1650E-8	-2.1630E-8	-1.948936E-8	-1.949032E-8	-1.949053E-8	-1.949046E-8	-1.948613E-8	   22.9935	 -246.8610	   29.0215	 -246.8610	
 -850.0000	-2.1988E-8	-2.2030E-8	-2.1990E-8	-2.1960E-8	-2.1970E-8	-1.978414E-8	-1.978358E-8	-1.978620E-8	-1.978420E-8	-1.978258E-8	   22.9909	 -246.8610	   29.0085	 -246.8610	
 -860.0000	-2.2125E-8	-2.1850E-8	-2.2110E-8	-2.2280E-8	-2.2260E-8	-2.007074E-8	-2.007198E-8	-2.006890E-8	-2.007003E-8	-2.007204E-8	   22.9909	 -246.8610	   29.0161	 -246.8610	
 -870.0000	-2.2640E-8	-2.2690E-8	-2.2660E-8	-2.2620E-8	-2.2590E-8	-2.037698E-8	-2.037903E-8	-2.037643E-8	-2.037694E-8	-2.037553E-8	   22.9935	 -246.8610	   29.0234	 -246.8610	
 -880.0000	-2.2978E-8	-2.3020E-8	-2.2980E-8	-2.2960E-8	-2.2950E-8	-2.068292E-8	-2.067592E-8	-2.068117E-8	-2.068670E-8	-2.068788E-8	   22.9909	 -246.8610	   29.0111	 -246.8610	
 -890.0000	-2.2705E-8	-2.3080E-8	-2.2700E-8	-2.2460E-8	-2.2580E-8	-2.099414E-8	-2.099445E-8	-2.099011E-8	-2.099384E-8	-2.099817E-8	   22.9935	 -246.8610	   29.0114	 -246.8610	
 -900.0000	-2.3022E-8	-2.3300E-8	-2.2940E-8	-2.2810E-8	-2.3040E-8	-2.131032E-8	-2.131896E-8	-2.131132E-8	-2.130683E-8	-2.130415E-8	   22.9935	 -246.8610	   29.0070	 -246.8610	
 -910.0000	-2.3953E-8	-2.4040E-8	-2.3970E-8	-2.3940E-8	-2.3860E-8	-2.161726E-8	-2.162387E-8	-2.160612E-8	-2.161729E-8	-2.162177E-8	   22.9909	 -246.8610	   29.0149	 -246.8610	
 -920.0000	-2.4095E-8	-2.3780E-8	-2.4090E-8	-2.4240E-8	-2.4270E-8	-2.193789E-8	-2.193775E-8	-2.193445E-8	-2.194192E-8	-2.193742E-8	   22.9935	 -246.8610	   29.0082	 -246.8610	
 -930.0000	-2.4017E-8	-2.4040E-8	-2.3880E-8	-2.3950E-8	-2.4200E-8	-2.225284E-8	-2.225393E-8	-2.225572E-8	-2.225225E-8	-2.224947E-8	   22.9935	 -246.8610	   29.0133	 -246.8610	
 -940.0000	-2.4343E-8	-2.4600E-8	-2.4330E-8	-2.4200E-8	-2.4240E-8	-2.255820E-8	-2.256551E-8	-2.255530E-8	-2.255810E-8	-2.255388E-8	   22.9935	 -246.8610	   29.0082	 -246.8610	
 -950.0000	-2.5315E-8	-2.5390E-8	-2.5370E-8	-2.5270E-8	-2.5230E-8	-2.288941E-8	-2.288729E-8	-2.289124E-8	-2.289088E-8	-2.288821E-8	   22.9935	 -246.8610	   28.9991	 -246.8610	
 -960.0000	-2.5625E-8	-2.5680E-8	-2.5650E-8	-2.5600E-8	-2.5570E-8	-2.321858E-8	-2.321473E-8	-2.321546E-8	-2.322144E-8	-2.322268E-8	   22.9909	 -246.8610	   29.0051	 -246.8610	
 -970.0000	-2.5915E-8	-2.5730E-8	-2.5920E-8	-2.5990E-8	-2.6020E-8	-2.355142E-8	-2.355367E-8	-2.355398E-8	-2.354808E-8	-2.354997E-8	   22.9935	 -246.8610	   29.0073	 -246.8610	
 -980.0000	-2.6333E-8	-2.6350E-8	-2.6360E-8	-2.6240E-8	-2.6380E-8	-2.388585E-8	-2.388405E-8	-2.388521E-8	-2.388750E-8	-2.388665E-8	   22.9935	 -246.8610	   29.0092	 -246.8610	
 -990.0000	-2.6200E-8	-2.6610E-8	-2.6260E-8	-2.5970E-8	-2.5960E-8	-2.421193E-8	-2.420651E-8	-2.421556E-8	-2.421344E-8	-2.421220E-8	   22.9935	 -246.8610	   29.0066	 -246.8610	
-1000.0000	-2.6485E-8	-2.6770E-8	-2.6440E-8	-2.6340E-8	-2.6390E-8	-2.455787E-8	-2.455445E-8	-2.455526E-8	-2.456003E-8	-2.456173E-8	   22.9935	 -246.8610	   29.0158	 -246.8610	
