#Open Capacitance 1000Hz:Not Measured
#Open Capacitance 1000000Hz:4.322860E-12
#37896_001_PSS_HM_XX_Unirrad_Interstrip
#Date/Time: 12/10/2021 11:07:06 AM
#Sensor Name: 37896_001_PSS_HM_XX
#Station: Tesla
#Annealing Status: Not Irradiated
#Environment: 23.5C
#Tester: Eric Spencer

#Notes: 

#Time Delay per Ramp Step (s): 0.000

#Time Delay per Measurement (s) :0.000

#Number of measurements per voltage: 0.000



Strip 	Time	RH	ChuckT	AirT	Global Current	Interstrip C	I_InterstripR_V-0.0	I_InterstripR_V-1.0	I_InterstripR_V-2.0	I_InterstripR_V-3.0	I_InterstripR_V-4.0	I_InterstripR_V-5.0
1	3721997295.012249	1.137034	23.500000	28.140532	-3.443000E-8	5.327430E-12	-4.412301E-11	-4.470935E-11	-4.625658E-11	-4.845274E-11	-5.160729E-11	-5.506159E-11
2	3721997330.835073	1.135905	23.500000	28.164927	-3.330000E-9	5.385690E-12	-4.392510E-11	-4.663749E-11	-4.799458E-11	-5.139939E-11	-5.361596E-11	-5.584072E-11
3	3721997367.593946	1.133617	23.500000	28.187101	-3.330000E-9	5.402170E-12	-4.337533E-11	-4.538951E-11	-4.693878E-11	-4.912062E-11	-5.096757E-11	-5.519202E-11
4	3721997404.288892	1.134343	23.500000	28.202795	-3.330000E-9	5.408550E-12	-4.187202E-11	-4.464695E-11	-4.832143E-11	-5.019700E-11	-5.256139E-11	-5.449973E-11
5	3721997440.859399	1.131760	23.500000	28.214745	-3.330000E-9	5.411770E-12	-4.514761E-11	-4.660572E-11	-4.860721E-11	-5.153119E-11	-5.340453E-11	-5.593267E-11
6	3721997477.154545	1.127039	23.500000	28.226060	-3.330000E-9	5.412340E-12	-4.054453E-11	-4.205784E-11	-4.611688E-11	-4.843221E-11	-5.230317E-11	-5.554851E-11
7	3721997513.457529	1.132935	23.500000	28.232579	-3.330000E-9	5.412160E-12	-4.588708E-11	-4.815475E-11	-5.008001E-11	-5.387756E-11	-5.333516E-11	-5.830870E-11
8	3721997549.880336	1.113239	23.500000	28.248512	-3.330000E-9	5.413130E-12	-4.079618E-11	-4.421632E-11	-4.402374E-11	-4.690559E-11	-5.010165E-11	-5.313091E-11
9	3721997586.168192	1.130932	23.500000	28.259135	-3.330000E-9	5.414040E-12	-4.061257E-11	-4.206659E-11	-4.444591E-11	-4.736903E-11	-4.994666E-11	-5.333839E-11
10	3721997622.436069	1.128604	23.500000	28.261870	-3.330000E-9	5.414680E-12	-3.934869E-11	-4.152358E-11	-4.384482E-11	-4.672484E-11	-4.772904E-11	-5.297978E-11
11	3721997658.743281	1.131823	23.500000	28.263514	-3.330000E-9	5.414820E-12	-3.795927E-11	-4.200769E-11	-4.399976E-11	-4.732647E-11	-5.037760E-11	-5.208574E-11
12	3721997695.524462	1.139347	23.500000	28.273719	-3.330000E-9	5.414850E-12	-4.191241E-11	-4.482757E-11	-4.672174E-11	-4.898515E-11	-5.202707E-11	-5.496021E-11
13	3721997731.762726	1.126459	23.500000	28.284340	-3.330000E-9	5.414810E-12	-4.172349E-11	-4.416821E-11	-4.659128E-11	-4.781508E-11	-4.988630E-11	-5.367442E-11
14	3721997768.211256	1.122904	23.500000	28.288740	-3.330000E-9	5.412430E-12	-4.417004E-11	-4.630790E-11	-4.719190E-11	-5.018518E-11	-5.362783E-11	-5.588058E-11
15	3721997804.618753	1.122821	23.500000	28.292306	-3.330000E-9	5.412400E-12	-4.197002E-11	-4.154479E-11	-4.773125E-11	-4.771857E-11	-5.199247E-11	-5.399049E-11
16	3721997840.995277	1.108986	23.500000	28.297896	-3.330000E-9	5.413080E-12	-4.485225E-11	-4.823559E-11	-4.937188E-11	-5.316738E-11	-5.652701E-11	-5.800186E-11
17	3721997877.383906	1.119800	23.500000	28.301462	-3.330000E-9	5.414840E-12	-4.276753E-11	-4.643056E-11	-4.856964E-11	-5.203948E-11	-5.542401E-11	-5.829563E-11
18	3721997913.620007	1.114956	23.500000	28.312086	-3.330000E-9	5.414450E-12	-4.326145E-11	-4.416386E-11	-4.699131E-11	-4.952005E-11	-5.223203E-11	-5.339103E-11
19	3721997949.932573	1.115500	23.500000	28.314543	-3.330000E-9	5.414880E-12	-4.486816E-11	-4.606928E-11	-4.944708E-11	-5.283799E-11	-5.468921E-11	-5.567280E-11
20	3721997986.237435	1.124194	23.500000	28.315969	-3.340000E-9	5.414850E-12	-4.765820E-11	-4.982222E-11	-5.253662E-11	-5.242909E-11	-5.448721E-11	-5.944129E-11
21	3721998022.657157	1.109495	23.500000	28.327878	-3.330000E-9	5.415400E-12	-4.209711E-11	-4.310870E-11	-4.507933E-11	-4.746967E-11	-5.074260E-11	-5.540024E-11
22	3721998059.032141	1.115440	23.500000	28.334735	-3.330000E-9	5.414360E-12	-3.840301E-11	-4.251232E-11	-4.596353E-11	-4.721310E-11	-5.122692E-11	-5.353407E-11
23	3721998095.445643	1.117965	23.500000	28.335369	-3.340000E-9	5.414440E-12	-4.228170E-11	-4.405850E-11	-4.483745E-11	-5.016504E-11	-5.106970E-11	-5.406725E-11
24	3721998131.819995	1.126652	23.500000	28.338558	-3.330000E-9	5.415950E-12	-4.203739E-11	-4.551047E-11	-4.871921E-11	-5.119277E-11	-5.323149E-11	-5.423346E-11
25	3721998168.118242	1.122462	23.500000	28.348052	-3.330000E-9	5.416970E-12	-4.171375E-11	-4.466675E-11	-4.661693E-11	-4.828149E-11	-4.961324E-11	-5.537362E-11
26	3721998204.414198	1.114958	23.500000	28.353522	-3.330000E-9	5.417420E-12	-3.912447E-11	-4.270204E-11	-4.459804E-11	-4.817683E-11	-4.897007E-11	-5.085524E-11
27	3721998240.712571	1.115197	23.500000	28.349816	-3.330000E-9	5.417050E-12	-4.251662E-11	-4.554318E-11	-4.514819E-11	-4.840151E-11	-5.281318E-11	-5.368309E-11
28	3721998277.209951	1.130867	23.500000	28.361506	-3.330000E-9	5.413390E-12	-4.297454E-11	-4.404725E-11	-4.975919E-11	-5.101244E-11	-5.354527E-11	-5.637866E-11
29	3721998313.521977	1.115083	23.500000	28.366361	-3.340000E-9	5.412670E-12	-4.079148E-11	-4.614259E-11	-4.657233E-11	-4.894960E-11	-5.122914E-11	-5.628849E-11
30	3721998349.971207	1.110436	23.500000	28.368127	-3.330000E-9	5.414070E-12	-4.006082E-11	-4.163605E-11	-4.660913E-11	-4.944988E-11	-4.956580E-11	-5.512277E-11
31	3721998386.364101	1.113000	23.500000	28.376112	-3.330000E-9	5.415960E-12	-4.101187E-11	-4.422225E-11	-4.431098E-11	-4.940529E-11	-5.101690E-11	-5.474309E-11
32	3721998422.667074	1.120963	23.500000	28.383901	-3.340000E-9	5.413260E-12	-3.692810E-11	-4.103312E-11	-4.315789E-11	-4.587964E-11	-4.769511E-11	-5.216320E-11
33	3721998458.955392	1.113858	23.500000	28.381403	-3.340000E-9	5.413760E-12	-4.490202E-11	-4.693050E-11	-5.014269E-11	-5.317949E-11	-5.473099E-11	-5.857147E-11
34	3721998495.357858	1.109192	23.500000	28.391608	-3.340000E-9	5.414740E-12	-4.285573E-11	-4.713247E-11	-4.606426E-11	-4.950851E-11	-5.329623E-11	-5.504954E-11
35	3721998531.969911	1.105328	23.500000	28.401636	-3.330000E-9	5.413210E-12	-4.230782E-11	-4.573653E-11	-4.906016E-11	-4.853903E-11	-5.175349E-11	-5.366665E-11
36	3721998568.646954	1.108598	23.500000	28.401795	-3.340000E-9	5.414270E-12	-4.226303E-11	-4.612006E-11	-4.948434E-11	-5.181093E-11	-5.439325E-11	-5.500638E-11
37	3721998605.191095	1.118054	23.500000	28.412060	-3.340000E-9	5.413500E-12	-4.489260E-11	-4.484741E-11	-4.797027E-11	-5.178560E-11	-5.443272E-11	-5.563426E-11
38	3721998641.738721	1.107564	23.500000	28.417252	-3.340000E-9	5.413570E-12	-4.281445E-11	-4.434429E-11	-4.722876E-11	-4.991678E-11	-5.146934E-11	-5.529754E-11
39	3721998678.501792	1.112994	23.500000	28.412296	-3.340000E-9	5.414390E-12	-3.859736E-11	-4.337397E-11	-4.486047E-11	-4.678223E-11	-5.077051E-11	-5.266671E-11
40	3721998715.051054	1.099400	23.500000	28.422740	-3.330000E-9	5.415370E-12	-4.522644E-11	-4.629546E-11	-4.983089E-11	-5.148998E-11	-5.524639E-11	-5.691751E-11
41	3721998751.777601	1.122342	23.500000	28.418104	-3.340000E-9	5.414610E-12	-4.021165E-11	-4.437187E-11	-4.575491E-11	-4.890579E-11	-4.993393E-11	-5.250581E-11
42	3721998788.458795	1.130411	23.500000	28.420600	-3.340000E-9	5.415100E-12	-3.665637E-11	-3.996018E-11	-4.299085E-11	-4.408175E-11	-4.826178E-11	-4.992310E-11
43	3721998824.981159	1.115483	23.500000	28.430291	-3.340000E-9	5.416400E-12	-3.994341E-11	-4.234458E-11	-4.429518E-11	-4.778991E-11	-5.028494E-11	-5.212534E-11
44	3721998861.787352	1.116067	23.500000	28.445132	-3.330000E-9	5.415700E-12	-3.968723E-11	-4.382863E-11	-4.385868E-11	-4.651501E-11	-5.000731E-11	-5.288791E-11
45	3721998898.317761	1.109692	23.500000	28.443668	-3.330000E-9	5.412770E-12	-3.986285E-11	-4.295872E-11	-4.585528E-11	-4.832659E-11	-4.944897E-11	-5.170827E-11
46	3721998934.868711	1.110994	23.500000	28.451317	-3.340000E-9	5.413520E-12	-3.736415E-11	-3.880445E-11	-4.245622E-11	-4.582727E-11	-4.880538E-11	-5.022360E-11
47	3721998971.578961	1.116312	23.500000	28.457439	-3.330000E-9	5.413840E-12	-4.068737E-11	-4.367939E-11	-4.607789E-11	-4.777253E-11	-5.245243E-11	-5.465427E-11
48	3721999008.265248	1.126112	23.500000	28.463226	-3.330000E-9	5.412690E-12	-3.829640E-11	-4.079305E-11	-4.407355E-11	-4.692878E-11	-4.871951E-11	-5.092239E-11
49	3721999044.798861	1.103218	23.500000	28.463384	-3.330000E-9	5.412990E-12	-4.162186E-11	-4.426592E-11	-4.664358E-11	-4.905520E-11	-5.222160E-11	-5.512693E-11
50	3721999081.531317	1.115220	23.500000	28.474600	-3.330000E-9	5.412960E-12	-3.852719E-11	-4.203318E-11	-4.400339E-11	-4.677891E-11	-4.946467E-11	-5.157288E-11
51	3721999118.121294	1.110847	23.500000	28.476662	-3.330000E-9	5.413290E-12	-4.144928E-11	-4.414428E-11	-4.742188E-11	-5.048056E-11	-5.280240E-11	-5.539228E-11
52	3721999154.692850	1.108260	23.500000	28.478881	-3.340000E-9	5.415110E-12	-3.938708E-11	-4.342911E-11	-4.471137E-11	-4.995206E-11	-5.031045E-11	-5.456204E-11
53	3721999191.421922	1.112869	23.500000	28.482249	-3.340000E-9	5.413240E-12	-4.069898E-11	-4.183036E-11	-4.476964E-11	-4.837028E-11	-5.097099E-11	-5.218578E-11
54	3721999227.965619	1.121466	23.500000	28.498519	-3.340000E-9	5.412200E-12	-4.174980E-11	-4.343993E-11	-4.480888E-11	-5.063161E-11	-5.480081E-11	-5.791345E-11
55	3721999264.509962	1.104807	23.500000	28.496200	-3.330000E-9	5.412110E-12	-4.113074E-11	-4.358180E-11	-4.702256E-11	-4.832322E-11	-5.276495E-11	-5.388075E-11
56	3721999301.203438	1.112186	23.500000	28.500639	-3.330000E-9	5.410620E-12	-3.777727E-11	-4.031931E-11	-4.543956E-11	-4.896414E-11	-5.119197E-11	-5.320123E-11
57	3721999337.626278	1.103013	23.500000	28.509577	-3.330000E-9	5.404790E-12	-4.072348E-11	-4.333543E-11	-4.615715E-11	-4.815721E-11	-5.070764E-11	-5.270297E-11
58	3721999374.153440	1.118260	23.500000	28.513244	-3.330000E-9	5.388760E-12	-4.135214E-11	-4.306902E-11	-4.550374E-11	-4.793968E-11	-4.914874E-11	-5.193348E-11
59	3721999410.560519	1.103382	23.500000	28.512530	-3.340000E-9	5.327680E-12	-3.833927E-11	-4.300527E-11	-4.342763E-11	-4.523450E-11	-5.010901E-11	-5.276737E-11
