#Open Capacitance 1000Hz:Not Measured
#Open Capacitance 1000000Hz:4.321250E-12
#37399_049_PSS_HM_XX_Unirrad
#Date/Time: 11/2/2021 3:01:00 PM
#Sensor Name: 37399_049_PSS_HM_XX
#Type: P
#Annealing Status: Not Irradiated
#Environment: 20C
#Tester: Eric Spencer

#Notes: Pre-irrad measurement

#Time Delay per Ramp Step (s): 0.000

#Time Delay per Measurement (s) :0.000

#Number of measurements per voltage: 0.000



Strip 	Time	RH	ChuckT	AirT	Global Current	Interstrip C	I_InterstripR_V-0.0	I_InterstripR_V-1.0	I_InterstripR_V-2.0	I_InterstripR_V-3.0	I_InterstripR_V-4.0	I_InterstripR_V-5.0
1	3718724531.023445	1.185460	20.000000	27.059081	-2.250000E-9	5.323040E-12	-2.357083E-11	-2.617521E-11	-3.004775E-11	-3.298250E-11	-3.533010E-11	-3.880723E-11
2	3718724567.154268	1.179411	20.000000	27.045468	-2.240000E-9	5.381740E-12	-2.058456E-11	-2.647411E-11	-2.704348E-11	-3.135208E-11	-3.288743E-11	-3.688282E-11
3	3718724603.755281	1.171114	20.000000	27.047210	-2.240000E-9	5.403720E-12	-2.532779E-11	-2.903433E-11	-3.166344E-11	-3.338994E-11	-3.697155E-11	-4.046914E-11
4	3718724640.512868	1.180483	20.000000	27.051629	-2.250000E-9	5.411220E-12	-2.304602E-11	-2.461859E-11	-2.663049E-11	-2.969590E-11	-3.154139E-11	-3.440847E-11
5	3718724677.105777	1.173620	20.000000	27.051610	-2.240000E-9	5.412240E-12	-1.899543E-11	-2.191773E-11	-2.487291E-11	-2.867553E-11	-3.020803E-11	-3.381988E-11
6	3718724713.755002	1.183701	20.000000	27.055296	-2.240000E-9	5.413580E-12	-2.327378E-11	-2.646982E-11	-2.859027E-11	-3.141321E-11	-3.393192E-11	-3.816140E-11
7	3718724750.481818	1.169870	20.000000	27.053332	-2.240000E-9	5.414840E-12	-2.403368E-11	-2.802110E-11	-2.978176E-11	-3.352569E-11	-3.479711E-11	-3.787089E-11
8	3718724787.117313	1.175850	20.000000	27.058784	-2.240000E-9	5.415400E-12	-2.362705E-11	-2.746727E-11	-3.004631E-11	-3.397485E-11	-3.707378E-11	-3.887449E-11
9	3718724823.609233	1.175090	20.000000	27.065382	-2.250000E-9	5.416610E-12	-2.297754E-11	-2.933854E-11	-3.136681E-11	-3.321169E-11	-3.616710E-11	-3.998544E-11
10	3718724859.976495	1.165018	20.000000	27.063122	-2.250000E-9	5.415560E-12	-2.374891E-11	-2.606626E-11	-2.811414E-11	-3.160743E-11	-3.538632E-11	-3.797825E-11
11	3718724896.313456	1.167565	20.000000	27.076956	-2.250000E-9	5.416070E-12	-2.383846E-11	-2.696292E-11	-2.891801E-11	-3.268054E-11	-3.507456E-11	-3.661053E-11
12	3718724932.702403	1.164262	20.000000	27.074499	-2.250000E-9	5.415960E-12	-2.035599E-11	-2.316441E-11	-2.821165E-11	-2.880229E-11	-3.057173E-11	-3.625970E-11
13	3718724969.054711	1.164017	20.000000	27.083317	-2.240000E-9	5.417130E-12	-2.302416E-11	-2.693492E-11	-2.798943E-11	-3.176731E-11	-3.361954E-11	-3.702431E-11
14	3718725005.406509	1.169160	20.000000	27.082465	-2.240000E-9	5.417270E-12	-2.278150E-11	-2.533722E-11	-2.753455E-11	-2.923082E-11	-3.273616E-11	-3.563371E-11
15	3718725041.783106	1.166961	20.000000	27.091361	-2.240000E-9	5.417050E-12	-2.486046E-11	-2.612268E-11	-3.067377E-11	-3.425741E-11	-3.603525E-11	-4.051025E-11
16	3718725078.140153	1.169550	20.000000	27.099208	-2.240000E-9	5.417310E-12	-2.223237E-11	-2.330956E-11	-2.754436E-11	-2.861462E-11	-3.314463E-11	-3.343454E-11
17	3718725114.452561	1.161421	20.000000	27.094610	-2.240000E-9	5.416320E-12	-2.194921E-11	-2.505897E-11	-2.810637E-11	-3.173012E-11	-3.402660E-11	-3.593200E-11
18	3718725150.965585	1.159220	20.000000	27.111081	-2.250000E-9	5.417870E-12	-2.623819E-11	-2.750267E-11	-3.012606E-11	-3.402108E-11	-3.479285E-11	-3.848791E-11
19	3718725187.333052	1.161012	20.000000	27.104738	-2.240000E-9	5.417190E-12	-2.532965E-11	-2.841650E-11	-3.093360E-11	-3.224509E-11	-3.502897E-11	-3.910697E-11
20	3718725223.879184	1.163581	20.000000	27.112683	-2.240000E-9	5.417990E-12	-2.719866E-11	-3.270856E-11	-3.340857E-11	-3.449987E-11	-3.935312E-11	-4.201842E-11
21	3718725260.389292	1.176660	20.000000	27.114608	-2.240000E-9	5.417850E-12	-2.363442E-11	-2.692287E-11	-3.045826E-11	-3.224612E-11	-3.681006E-11	-3.907998E-11
22	3718725296.773933	1.165549	20.000000	27.122216	-2.240000E-9	5.415590E-12	-2.409646E-11	-2.689812E-11	-3.072588E-11	-3.396362E-11	-3.628282E-11	-3.819740E-11
23	3718725333.141275	1.162420	20.000000	27.125229	-2.250000E-9	5.415270E-12	-2.435487E-11	-2.652727E-11	-2.817078E-11	-3.291627E-11	-3.500814E-11	-3.939892E-11
24	3718725369.514470	1.160636	20.000000	27.124714	-2.240000E-9	5.416270E-12	-2.213157E-11	-2.540673E-11	-2.917765E-11	-3.253173E-11	-3.293732E-11	-3.509071E-11
25	3718725405.853831	1.168475	20.000000	27.135751	-2.240000E-9	5.417140E-12	-1.944788E-11	-2.329464E-11	-2.573097E-11	-2.904435E-11	-3.320228E-11	-3.270201E-11
26	3718725442.361470	1.159125	20.000000	27.152099	-2.240000E-9	5.417730E-12	-2.236729E-11	-2.336189E-11	-2.479646E-11	-3.064900E-11	-3.314075E-11	-3.519375E-11
27	3718725478.734107	1.165861	20.000000	27.139239	-2.240000E-9	5.418190E-12	-2.144465E-11	-2.393577E-11	-2.740085E-11	-3.022765E-11	-3.167919E-11	-3.528514E-11
28	3718725515.096163	1.162169	20.000000	27.144868	-2.240000E-9	5.417490E-12	-1.994241E-11	-2.271770E-11	-2.483776E-11	-2.934162E-11	-3.323438E-11	-3.512710E-11
29	3718725551.458906	1.167636	20.000000	27.153566	-2.250000E-9	5.418130E-12	-2.223748E-11	-2.493671E-11	-2.734382E-11	-3.055763E-11	-3.156675E-11	-3.491920E-11
30	3718725587.847039	1.158128	20.000000	27.161712	-2.240000E-9	5.417690E-12	-2.379880E-11	-2.404004E-11	-2.884585E-11	-3.107836E-11	-3.340693E-11	-3.696300E-11
31	3718725624.367086	1.168124	20.000000	27.164881	-2.240000E-9	5.418170E-12	-2.116212E-11	-2.343531E-11	-2.630627E-11	-2.828446E-11	-3.055029E-11	-3.385528E-11
32	3718725660.707797	1.158824	20.000000	27.166031	-2.240000E-9	5.417900E-12	-2.267049E-11	-2.651112E-11	-2.751024E-11	-3.190614E-11	-3.520767E-11	-3.723268E-11
33	3718725697.098290	1.159509	20.000000	27.176494	-2.240000E-9	5.418180E-12	-2.125513E-11	-2.428434E-11	-2.647187E-11	-3.181823E-11	-3.411736E-11	-3.777402E-11
34	3718725733.440094	1.173556	20.000000	27.178613	-2.250000E-9	5.418810E-12	-2.204673E-11	-2.455217E-11	-2.752025E-11	-3.032970E-11	-3.244545E-11	-3.563638E-11
35	3718725769.847286	1.160641	20.000000	27.182143	-2.240000E-9	5.415140E-12	-2.078165E-11	-2.265270E-11	-2.657103E-11	-2.898793E-11	-3.355109E-11	-3.564599E-11
36	3718725806.238492	1.154864	20.000000	27.187631	-2.230000E-9	5.416000E-12	-2.228471E-11	-2.514566E-11	-2.834946E-11	-3.052820E-11	-3.436883E-11	-3.768754E-11
37	3718725842.612819	1.163761	20.000000	27.191553	-2.240000E-9	5.416690E-12	-2.356164E-11	-2.505428E-11	-2.931157E-11	-2.966014E-11	-3.449029E-11	-3.600356E-11
38	3718725879.109834	1.163807	20.000000	27.199797	-2.250000E-9	5.417390E-12	-2.048399E-11	-2.497966E-11	-2.676647E-11	-2.730109E-11	-3.116872E-11	-3.435207E-11
39	3718725915.498372	1.149540	20.000000	27.199203	-2.240000E-9	5.417930E-12	-1.927083E-11	-2.131852E-11	-2.525668E-11	-2.748734E-11	-3.171478E-11	-3.396445E-11
40	3718725951.794601	1.162746	20.000000	27.205704	-2.240000E-9	5.417730E-12	-2.575184E-11	-2.505960E-11	-3.017003E-11	-3.014958E-11	-3.464547E-11	-3.681518E-11
41	3718725988.150196	1.154407	20.000000	27.211252	-2.250000E-9	5.416910E-12	-2.515670E-11	-2.728740E-11	-3.075861E-11	-3.306717E-11	-3.522874E-11	-3.961317E-11
42	3718726024.503928	1.152767	20.000000	27.219358	-2.240000E-9	5.417800E-12	-2.593236E-11	-2.674685E-11	-3.202635E-11	-3.384710E-11	-3.605364E-11	-3.797273E-11
43	3718726060.870417	1.161806	20.000000	27.226273	-2.250000E-9	5.417660E-12	-2.319446E-11	-2.631998E-11	-3.099862E-11	-3.159109E-11	-3.551350E-11	-3.670336E-11
44	3718726097.233675	1.155155	20.000000	27.230158	-2.250000E-9	5.417950E-12	-2.282873E-11	-2.482162E-11	-2.769812E-11	-3.115031E-11	-3.222057E-11	-3.697833E-11
45	3718726133.580905	1.152422	20.000000	27.231327	-2.250000E-9	5.417570E-12	-2.240574E-11	-2.348518E-11	-2.524991E-11	-2.919747E-11	-3.335542E-11	-3.585635E-11
46	3718726169.925167	1.155913	20.000000	27.238917	-2.240000E-9	5.417970E-12	-2.183677E-11	-2.460022E-11	-2.813950E-11	-3.043846E-11	-3.133962E-11	-3.590173E-11
47	3718726206.444514	1.143801	20.000000	27.237351	-2.250000E-9	5.417740E-12	-2.248854E-11	-2.578371E-11	-2.681820E-11	-2.994083E-11	-3.334213E-11	-3.499626E-11
48	3718726242.795425	1.149187	20.000000	27.249618	-2.250000E-9	5.417460E-12	-2.479054E-11	-2.655977E-11	-2.891576E-11	-3.340837E-11	-3.615381E-11	-3.780673E-11
49	3718726279.161994	1.153843	20.000000	27.257860	-2.240000E-9	5.417890E-12	-2.088366E-11	-2.249241E-11	-2.756787E-11	-2.715409E-11	-3.411635E-11	-3.547077E-11
50	3718726315.506027	1.147200	20.000000	27.259306	-2.240000E-9	5.417420E-12	-2.184086E-11	-2.458651E-11	-2.749510E-11	-3.031169E-11	-3.515123E-11	-3.702533E-11
51	3718726351.877710	1.160628	20.000000	27.264618	-2.240000E-9	5.417340E-12	-2.364055E-11	-2.569191E-11	-2.679550E-11	-2.973229E-11	-3.204802E-11	-3.603912E-11
52	3718726388.416582	1.155799	20.000000	27.271494	-2.240000E-9	5.418150E-12	-2.554963E-11	-2.803360E-11	-3.115766E-11	-3.680557E-11	-3.838549E-11	-3.967878E-11
53	3718726424.774461	1.151133	20.000000	27.275556	-2.240000E-9	5.415160E-12	-2.518348E-11	-2.834026E-11	-3.295369E-11	-3.422776E-11	-3.571793E-11	-3.761822E-11
54	3718726461.315320	1.148857	20.000000	27.273099	-2.240000E-9	5.414960E-12	-2.631567E-11	-2.870804E-11	-3.103295E-11	-3.341040E-11	-3.748145E-11	-4.026695E-11
55	3718726497.804090	1.152208	20.000000	27.280530	-2.240000E-9	5.415970E-12	-2.599041E-11	-2.913389E-11	-3.282058E-11	-3.309925E-11	-3.686608E-11	-4.104466E-11
56	3718726534.463511	1.148706	20.000000	27.291094	-2.240000E-9	5.414610E-12	-2.447528E-11	-2.826543E-11	-3.114027E-11	-3.373935E-11	-3.489648E-11	-3.784024E-11
57	3718726571.118587	1.145591	20.000000	27.296543	-2.240000E-9	5.409940E-12	-2.548421E-11	-2.678466E-11	-3.110859E-11	-3.464892E-11	-3.805859E-11	-4.070937E-11
58	3718726607.760317	1.154050	20.000000	27.302686	-2.240000E-9	5.392220E-12	-2.641136E-11	-2.942789E-11	-3.239270E-11	-3.542536E-11	-3.699875E-11	-3.858910E-11
59	3718726644.542964	1.144688	20.000000	27.313566	-2.240000E-9	5.333340E-12	-2.704757E-11	-2.939355E-11	-3.118670E-11	-3.456817E-11	-3.816735E-11	-4.109822E-11
