#Open Capacitance 1000Hz:Not Measured
#Open Capacitance 1000000Hz:4.305900E-12
#38873_003_2-S_HM_XX_Unirrad_Interstrip
#Date/Time: 3/7/2022 10:49:07 AM
#Sensor Name: 38873_003_2-S_HM_XX
#Station: Tesla
#Annealing Status: Not Irradiated
#Environment: 20C
#Tester: Eric Spencer

#Notes: Cleaved at Brown

#Time Delay per Ramp Step (s): 0.000

#Time Delay per Measurement (s) :0.000

#Number of measurements per voltage: 0.000



Strip 	Time	RH	ChuckT	AirT	Global Current	Interstrip C	I_InterstripR_V-0.0	I_InterstripR_V-1.0	I_InterstripR_V-2.0	I_InterstripR_V-3.0	I_InterstripR_V-4.0	I_InterstripR_V-5.0
1	3729513027.101558	1.236487	20.000000	27.239213	-2.580000E-9	5.303460E-12	-1.357275E-11	-1.758693E-11	-2.182662E-11	-2.269978E-11	-2.778422E-11	-3.113499E-11
2	3729513063.236753	1.247145	20.000000	27.234714	-2.580000E-9	5.367650E-12	-1.221895E-11	-1.352839E-11	-1.671030E-11	-1.874591E-11	-2.172154E-11	-2.568646E-11
3	3729513099.203292	1.244122	20.000000	27.240343	-2.580000E-9	5.389020E-12	-1.316040E-11	-1.504329E-11	-2.022893E-11	-2.132821E-11	-2.485583E-11	-2.970842E-11
4	3729513135.076345	1.220343	20.000000	27.240481	-2.590000E-9	5.397600E-12	-1.047958E-11	-1.779814E-11	-1.892910E-11	-2.223674E-11	-2.638649E-11	-3.161506E-11
5	3729513171.334485	1.225916	20.000000	27.238044	-2.580000E-9	5.400610E-12	-1.594959E-11	-1.992861E-11	-2.213023E-11	-2.373039E-11	-2.892359E-11	-3.031706E-11
6	3729513207.277569	1.205509	20.000000	27.234042	-2.580000E-9	5.400510E-12	-1.306126E-11	-1.534711E-11	-1.781961E-11	-2.223901E-11	-2.409615E-11	-2.972051E-11
7	3729513243.380497	1.208319	20.000000	27.235925	-2.590000E-9	5.400930E-12	-1.037430E-11	-1.469617E-11	-2.001858E-11	-2.234858E-11	-2.839656E-11	-3.228482E-11
8	3729513279.481057	1.211682	20.000000	27.238481	-2.590000E-9	5.401910E-12	-1.143964E-11	-1.851023E-11	-1.960643E-11	-2.475792E-11	-2.696405E-11	-3.297278E-11
9	3729513315.589690	1.208063	20.000000	27.242881	-2.580000E-9	5.402920E-12	-1.318515E-11	-1.644640E-11	-2.193685E-11	-2.489062E-11	-2.931839E-11	-3.284990E-11
10	3729513351.686300	1.199317	20.000000	27.242068	-2.580000E-9	5.403470E-12	-1.012141E-11	-1.586517E-11	-1.822319E-11	-2.450728E-11	-2.949992E-11	-2.997238E-11
11	3729513387.800922	1.191118	20.000000	27.238618	-2.580000E-9	5.401380E-12	-1.264788E-11	-1.574251E-11	-2.149526E-11	-2.475813E-11	-2.673938E-11	-3.089340E-11
12	3729513424.043138	1.192503	20.000000	27.239353	-2.580000E-9	5.401760E-12	-1.306106E-11	-1.537738E-11	-2.152859E-11	-2.487509E-11	-2.952487E-11	-3.439057E-11
13	3729513460.148781	1.192766	20.000000	27.240997	-2.580000E-9	5.402750E-12	-1.480331E-11	-1.709590E-11	-2.103670E-11	-2.398678E-11	-2.831357E-11	-3.110970E-11
14	3729513496.425937	1.199270	20.000000	27.242068	-2.580000E-9	5.402890E-12	-1.070223E-11	-1.492618E-11	-1.886105E-11	-2.247475E-11	-2.851392E-11	-2.961524E-11
15	3729513532.401901	1.196085	20.000000	27.245000	-2.580000E-9	5.403620E-12	-8.240146E-12	-1.306495E-11	-1.816330E-11	-2.148566E-11	-2.499857E-11	-3.043588E-11
16	3729513568.224263	1.177904	20.000000	27.246764	-2.580000E-9	5.404280E-12	-1.125708E-11	-1.714886E-11	-2.040458E-11	-2.340210E-11	-2.895471E-11	-3.211700E-11
17	3729513604.059594	1.196570	20.000000	27.248865	-2.580000E-9	5.403790E-12	-1.384142E-11	-1.855276E-11	-2.078096E-11	-2.622215E-11	-2.997855E-11	-3.365276E-11
18	3729513639.882960	1.186969	20.000000	27.247081	-2.580000E-9	5.403570E-12	-1.164633E-11	-1.515556E-11	-1.949972E-11	-2.433598E-11	-2.838881E-11	-3.255939E-11
19	3729513675.718289	1.175427	20.000000	27.246883	-2.580000E-9	5.400900E-12	-1.440159E-11	-2.074580E-11	-2.557183E-11	-2.917161E-11	-3.219530E-11	-3.809321E-11
20	3729513711.548606	1.177696	20.000000	27.253382	-2.580000E-9	5.402050E-12	-1.471888E-11	-1.898843E-11	-2.405201E-11	-2.596476E-11	-3.132337E-11	-3.543200E-11
21	3729513747.388014	1.196905	20.000000	27.257979	-2.580000E-9	5.402070E-12	-1.603016E-11	-1.792737E-11	-2.272805E-11	-2.456495E-11	-2.868792E-11	-2.992663E-11
22	3729513783.216162	1.182208	20.000000	27.258971	-2.580000E-9	5.403250E-12	-1.342028E-11	-1.799443E-11	-2.330519E-11	-2.915671E-11	-3.459157E-11	-3.770500E-11
23	3729513819.176133	1.181718	20.000000	27.267691	-2.580000E-9	5.405080E-12	-1.506234E-11	-1.637608E-11	-2.419922E-11	-2.932087E-11	-3.240894E-11	-3.832443E-11
24	3729513854.990854	1.179079	20.000000	27.272743	-2.580000E-9	5.403770E-12	-1.309890E-11	-1.915300E-11	-2.456701E-11	-3.129720E-11	-3.392651E-11	-4.030425E-11
25	3729513891.013300	1.177142	20.000000	27.266283	-2.580000E-9	5.404240E-12	-1.161281E-11	-1.787382E-11	-2.304719E-11	-2.720573E-11	-3.158568E-11	-3.746783E-11
26	3729513926.966018	1.176184	20.000000	27.270265	-2.580000E-9	5.402770E-12	-1.440446E-11	-1.817210E-11	-2.194444E-11	-2.830950E-11	-3.332894E-11	-3.789594E-11
27	3729513963.083097	1.182756	20.000000	27.279460	-2.580000E-9	5.401310E-12	-1.421085E-11	-1.823751E-11	-2.646851E-11	-3.061089E-11	-3.386109E-11	-3.913036E-11
28	3729513998.924246	1.182088	20.000000	27.288179	-2.580000E-9	5.401360E-12	-1.179558E-11	-1.784764E-11	-2.336612E-11	-2.713069E-11	-3.314821E-11	-3.775713E-11
29	3729514034.925805	1.174202	20.000000	27.289844	-2.580000E-9	5.403050E-12	-9.883244E-12	-1.535469E-11	-2.243796E-11	-2.811508E-11	-3.299610E-11	-3.589079E-11
30	3729514070.783249	1.170024	20.000000	27.279322	-2.570000E-9	5.401200E-12	-1.290917E-11	-1.872818E-11	-2.426280E-11	-2.812715E-11	-3.499247E-11	-3.857631E-11
31	3729514106.610909	1.179635	20.000000	27.288756	-2.580000E-9	5.401390E-12	-1.415831E-11	-1.924643E-11	-2.408288E-11	-2.894224E-11	-3.479272E-11	-4.044366E-11
32	3729514142.463168	1.180784	20.000000	27.296899	-2.580000E-9	5.401940E-12	-1.267161E-11	-1.865744E-11	-2.178231E-11	-2.960995E-11	-3.098623E-11	-3.590793E-11
33	3729514178.306506	1.188751	20.000000	27.299257	-2.580000E-9	5.403120E-12	-1.432370E-11	-1.903727E-11	-2.155783E-11	-2.893078E-11	-3.108825E-11	-3.607518E-11
34	3729514214.165775	1.185337	20.000000	27.295652	-2.570000E-9	5.403170E-12	-1.386616E-11	-1.733082E-11	-2.231836E-11	-2.938117E-11	-3.251750E-11	-3.717896E-11
35	3729514250.027008	1.193815	20.000000	27.296047	-2.580000E-9	5.403600E-12	-1.238744E-11	-1.859180E-11	-2.267224E-11	-2.575358E-11	-3.202930E-11	-3.661654E-11
36	3729514285.892288	1.176928	20.000000	27.303855	-2.580000E-9	5.404250E-12	-1.319825E-11	-1.797808E-11	-2.343705E-11	-2.824386E-11	-3.292290E-11	-3.832056E-11
37	3729514321.746571	1.168240	20.000000	27.308888	-2.580000E-9	5.404030E-12	-1.534917E-11	-1.973831E-11	-2.374248E-11	-3.001575E-11	-3.298341E-11	-3.617678E-11
38	3729514357.599827	1.186652	20.000000	27.306491	-2.580000E-9	5.404070E-12	-1.573883E-11	-2.095045E-11	-2.535164E-11	-3.071944E-11	-3.404139E-11	-3.913627E-11
39	3729514393.416238	1.174812	20.000000	27.311345	-2.580000E-9	5.404980E-12	-1.331703E-11	-1.819478E-11	-2.281433E-11	-2.804597E-11	-3.215992E-11	-3.833118E-11
40	3729514429.674441	1.174955	20.000000	27.315330	-2.580000E-9	5.404720E-12	-1.478594E-11	-1.859467E-11	-2.262768E-11	-2.826248E-11	-3.467556E-11	-3.952677E-11
41	3729514465.634409	1.168350	20.000000	27.316140	-2.580000E-9	5.404180E-12	-1.483991E-11	-2.226275E-11	-2.700292E-11	-3.190663E-11	-3.807320E-11	-4.374825E-11
42	3729514501.453784	1.179893	20.000000	27.328010	-2.580000E-9	5.403640E-12	-1.261130E-11	-2.087745E-11	-2.264506E-11	-2.868975E-11	-3.348002E-11	-3.887439E-11
43	3729514537.278173	1.185368	20.000000	27.329319	-2.580000E-9	5.404100E-12	-1.617633E-11	-1.910659E-11	-2.520158E-11	-3.037926E-11	-3.629003E-11	-3.917716E-11
44	3729514573.241138	1.184293	20.000000	27.326665	-2.580000E-9	5.404290E-12	-1.509280E-11	-1.985218E-11	-2.465696E-11	-2.917877E-11	-3.473507E-11	-3.986879E-11
45	3729514609.213101	1.187441	20.000000	27.334473	-2.580000E-9	5.403310E-12	-1.228583E-11	-1.795701E-11	-2.284602E-11	-2.827639E-11	-3.256021E-11	-3.896109E-11
46	3729514645.040483	1.170753	20.000000	27.338813	-2.580000E-9	5.403220E-12	-1.156497E-11	-1.907245E-11	-2.077033E-11	-2.635218E-11	-3.102999E-11	-3.566263E-11
47	3729514681.005441	1.178855	20.000000	27.337088	-2.580000E-9	5.404250E-12	-1.400988E-11	-1.925870E-11	-2.626734E-11	-3.250973E-11	-3.635263E-11	-3.909684E-11
48	3729514716.841798	1.180873	20.000000	27.350444	-2.580000E-9	5.403050E-12	-1.084412E-11	-1.717830E-11	-2.097313E-11	-2.686410E-11	-2.928551E-11	-3.222781E-11
49	3729514752.795814	1.174613	20.000000	27.349473	-2.580000E-9	5.403670E-12	-9.853804E-12	-1.518951E-11	-1.896962E-11	-2.465390E-11	-2.674961E-11	-3.131499E-11
50	3729514788.763762	1.181936	20.000000	27.348818	-2.580000E-9	5.403770E-12	-1.186080E-11	-1.577400E-11	-1.863392E-11	-2.169196E-11	-2.295683E-11	-2.628513E-11
51	3729514824.581747	1.184050	20.000000	27.356626	-2.580000E-9	5.404010E-12	-1.208344E-11	-1.593920E-11	-1.814796E-11	-2.180644E-11	-2.337880E-11	-2.749848E-11
52	3729514860.409843	1.190183	20.000000	27.356745	-2.580000E-9	5.404030E-12	-1.415565E-11	-1.675042E-11	-2.029481E-11	-2.360205E-11	-2.691154E-11	-3.059310E-11
53	3729514896.383641	1.178321	20.000000	27.360234	-2.580000E-9	5.403890E-12	-1.229974E-11	-1.592755E-11	-1.732755E-11	-2.069674E-11	-2.672223E-11	-2.768126E-11
54	3729514932.367377	1.190007	20.000000	27.371330	-2.580000E-9	5.403130E-12	-1.299136E-11	-1.847345E-11	-2.158974E-11	-2.435214E-11	-2.543487E-11	-2.997733E-11
55	3729514968.180985	1.174114	20.000000	27.368101	-2.580000E-9	5.403460E-12	-1.165595E-11	-1.389950E-11	-1.655048E-11	-1.830928E-11	-2.287384E-11	-2.192461E-11
56	3729515004.140761	1.173257	20.000000	27.368971	-2.580000E-9	5.399960E-12	-1.247739E-11	-1.762072E-11	-2.050027E-11	-2.510102E-11	-2.907024E-11	-2.896270E-11
57	3729515040.113054	1.176814	20.000000	27.367961	-2.580000E-9	5.393120E-12	-1.077441E-11	-1.394365E-11	-1.554565E-11	-2.022817E-11	-2.301204E-11	-2.749482E-11
58	3729515076.368683	1.169467	20.000000	27.358886	-2.580000E-9	5.372160E-12	-1.303103E-11	-1.531934E-11	-2.063766E-11	-2.304843E-11	-2.442350E-11	-2.808647E-11
59	3729515112.502745	1.186768	20.000000	27.380883	-2.580000E-9	5.308920E-12	-1.274338E-11	-1.741567E-11	-2.022244E-11	-2.446522E-11	-2.695203E-11	-3.045635E-11
