#Open Capacitance 1000Hz:Not Measured
#Open Capacitance 100000Hz:4.913760E-12
#34341_041_PSS_HM_XX_interstrip
#Date/Time: 6/30/2021 2:39:48 PM
#Sensor Name: 34341_041_PSS_HM_XX
#Type: P
#Annealing Status: Not Irradiated
#Environment: 20C
#Tester: Eric Spencer

#Notes: 

#Time Delay per Ramp Step (s): 0.000

#Time Delay per Measurement (s) :0.000

#Number of measurements per voltage: 0.000



Strip 	Time	RH	ChuckT	AirT	Global Current	Interstrip C	I_InterstripR_V-0.0	I_InterstripR_V-1.0	I_InterstripR_V-2.0	I_InterstripR_V-3.0	I_InterstripR_V-4.0	I_InterstripR_V-5.0
0	3707923256.443064	1.485110	23.946608	22.861665	-2.620000E-9	5.985130E-12	-2.524190E-10	-2.524190E-10	-2.670194E-10	-2.728631E-10	-2.808597E-10	-2.891798E-10
1	3707923293.087766	1.484514	23.934956	22.836340	-2.620000E-9	5.940160E-12	-2.506543E-10	-2.588562E-10	-2.646962E-10	-2.712931E-10	-2.797620E-10	-2.919149E-10
2	3707923329.620615	1.490793	23.920688	22.894304	-2.610000E-9	5.988810E-12	-2.577195E-10	-2.650960E-10	-2.718065E-10	-2.759813E-10	-2.821672E-10	-2.901265E-10
3	3707923366.133087	1.511757	23.902873	22.849062	-2.600000E-9	5.999690E-12	-2.528822E-10	-2.606927E-10	-2.672955E-10	-2.773782E-10	-2.828578E-10	-2.894777E-10
4	3707923402.921984	1.495900	23.887377	22.856314	-2.590000E-9	6.001710E-12	-2.536936E-10	-2.604865E-10	-2.693598E-10	-2.786051E-10	-2.844522E-10	-2.905635E-10
5	3707923439.580405	1.477796	23.875545	22.828948	-2.580000E-9	6.002890E-12	-2.510265E-10	-2.592195E-10	-2.668388E-10	-2.725031E-10	-2.815559E-10	-2.881518E-10
6	3707923476.205470	1.477303	23.856244	22.784499	-2.580000E-9	6.002410E-12	-2.499022E-10	-2.591431E-10	-2.651518E-10	-2.720986E-10	-2.812537E-10	-2.885943E-10
7	3707923512.699105	1.493397	23.839122	22.812935	-2.580000E-9	6.002330E-12	-2.498651E-10	-2.581524E-10	-2.661160E-10	-2.742607E-10	-2.770491E-10	-2.727603E-10
8	3707923549.069611	1.479763	23.826995	22.802135	-2.570000E-9	6.002940E-12	-2.503349E-10	-2.531743E-10	-2.587613E-10	-2.622511E-10	-2.665736E-10	-2.726209E-10
9	3707923585.433993	1.494994	23.812491	22.732857	-2.570000E-9	6.002360E-12	-2.509198E-10	-2.562199E-10	-2.671661E-10	-2.737426E-10	-2.805327E-10	-2.882711E-10
10	3707923621.785944	1.483833	23.798499	22.746431	-2.570000E-9	6.003080E-12	-2.505721E-10	-2.578450E-10	-2.655426E-10	-2.697552E-10	-2.826706E-10	-2.900732E-10
11	3707923658.283926	1.500853	23.780982	22.738842	-2.560000E-9	6.003680E-12	-2.532492E-10	-2.580253E-10	-2.651993E-10	-2.731678E-10	-2.804291E-10	-2.860391E-10
12	3707923694.638633	1.491626	23.763860	22.762681	-2.560000E-9	6.003820E-12	-2.518302E-10	-2.569677E-10	-2.640592E-10	-2.711928E-10	-2.770374E-10	-2.849572E-10
13	3707923731.010425	1.468286	23.753158	22.695621	-2.550000E-9	6.002320E-12	-2.500085E-10	-2.565782E-10	-2.656131E-10	-2.723092E-10	-2.794382E-10	-2.879572E-10
14	3707923767.354606	1.466292	23.733956	22.711078	-2.550000E-9	6.003700E-12	-2.509968E-10	-2.585595E-10	-2.686385E-10	-2.747944E-10	-2.808373E-10	-2.882325E-10
15	3707923803.721329	1.477180	23.720164	22.666392	-2.540000E-9	6.003390E-12	-2.526960E-10	-2.611427E-10	-2.667261E-10	-2.741196E-10	-2.802087E-10	-2.898445E-10
16	3707923840.088691	1.470595	23.708769	22.691242	-2.540000E-9	6.004090E-12	-2.512606E-10	-2.599005E-10	-2.686150E-10	-2.743356E-10	-2.815175E-10	-2.882832E-10
17	3707923876.440649	1.472397	23.696205	22.662509	-2.530000E-9	6.004910E-12	-2.509277E-10	-2.587019E-10	-2.652280E-10	-2.744353E-10	-2.818770E-10	-2.899551E-10
18	3707923912.824437	1.488282	23.674883	22.648992	-2.530000E-9	6.003570E-12	-2.516777E-10	-2.611808E-10	-2.687870E-10	-2.729749E-10	-2.817525E-10	-2.874463E-10
19	3707923949.184885	1.490857	23.667532	22.675073	-2.520000E-9	6.003130E-12	-2.505648E-10	-2.594281E-10	-2.651138E-10	-2.741209E-10	-2.778213E-10	-2.776899E-10
20	3707923985.547735	1.490724	23.654174	22.687457	-2.530000E-9	6.004080E-12	-2.511625E-10	-2.584227E-10	-2.655108E-10	-2.733387E-10	-2.810493E-10	-2.891703E-10
21	3707924021.906310	1.492112	23.644088	22.671405	-2.510000E-9	6.002970E-12	-2.507895E-10	-2.582219E-10	-2.648751E-10	-2.723688E-10	-2.799809E-10	-2.875011E-10
22	3707924058.269397	1.507692	23.631623	22.695938	-2.520000E-9	6.003090E-12	-2.497531E-10	-2.573596E-10	-2.650943E-10	-2.727568E-10	-2.810852E-10	-2.882732E-10
23	3707924094.646096	1.483950	23.615670	22.675488	-2.510000E-9	6.003720E-12	-2.492751E-10	-2.570489E-10	-2.643936E-10	-2.717485E-10	-2.809280E-10	-2.880348E-10
24	3707924131.290159	1.492351	23.602849	22.704023	-2.510000E-9	6.003050E-12	-2.491127E-10	-2.582952E-10	-2.668125E-10	-2.729220E-10	-2.790904E-10	-2.870290E-10
25	3707924168.192966	1.483204	23.596608	22.663023	-2.490000E-9	6.002880E-12	-2.514952E-10	-2.583853E-10	-2.661634E-10	-2.739542E-10	-2.811482E-10	-2.885595E-10
26	3707924204.683107	1.495171	23.580377	22.651174	-2.500000E-9	6.004250E-12	-2.499563E-10	-2.582517E-10	-2.658896E-10	-2.744351E-10	-2.808357E-10	-2.886079E-10
27	3707924241.068295	1.490407	23.560660	22.642413	-2.500000E-9	6.005190E-12	-2.499759E-10	-2.598097E-10	-2.658205E-10	-2.739015E-10	-2.822932E-10	-2.886299E-10
28	3707924277.422263	1.512168	23.550356	22.658665	-2.500000E-9	6.004260E-12	-2.504534E-10	-2.565688E-10	-2.602004E-10	-2.668382E-10	-2.710653E-10	-2.747039E-10
29	3707924313.791179	1.492828	23.538665	22.632725	-2.490000E-9	6.003070E-12	-2.498265E-10	-2.546298E-10	-2.623108E-10	-2.674521E-10	-2.756799E-10	-2.833610E-10
30	3707924350.132491	1.467803	23.526021	22.628779	-2.490000E-9	6.003180E-12	-2.486628E-10	-2.580487E-10	-2.662904E-10	-2.730192E-10	-2.804232E-10	-2.860136E-10
31	3707924386.464875	1.481724	23.515418	22.621784	-2.480000E-9	6.003030E-12	-2.495993E-10	-2.577789E-10	-2.646459E-10	-2.734183E-10	-2.795920E-10	-2.860178E-10
32	3707924422.809267	1.482972	23.498595	22.637857	-2.480000E-9	6.002920E-12	-2.487872E-10	-2.580763E-10	-2.655756E-10	-2.738107E-10	-2.803175E-10	-2.870920E-10
33	3707924459.189133	1.498094	23.488013	22.634171	-2.480000E-9	6.003100E-12	-2.498707E-10	-2.576940E-10	-2.650426E-10	-2.742059E-10	-2.806043E-10	-2.865266E-10
34	3707924495.547767	1.491145	23.475309	22.617743	-2.470000E-9	6.003500E-12	-2.502726E-10	-2.584076E-10	-2.634073E-10	-2.709778E-10	-2.779625E-10	-2.868707E-10
35	3707924531.868256	1.490218	23.463044	22.606961	-2.460000E-9	6.003160E-12	-2.505492E-10	-2.592256E-10	-2.663615E-10	-2.723490E-10	-2.799820E-10	-2.874643E-10
36	3707924568.233719	1.497638	23.455631	22.617088	-2.470000E-9	6.002850E-12	-2.491545E-10	-2.563288E-10	-2.639254E-10	-2.721884E-10	-2.806282E-10	-2.870354E-10
37	3707924604.599782	1.485652	23.443564	22.587226	-2.470000E-9	6.002930E-12	-2.491903E-10	-2.571307E-10	-2.656615E-10	-2.714022E-10	-2.797939E-10	-2.879549E-10
38	3707924640.955242	1.478782	23.431694	22.553358	-2.460000E-9	6.002950E-12	-2.508809E-10	-2.579542E-10	-2.654588E-10	-2.737697E-10	-2.814440E-10	-2.892869E-10
39	3707924677.300969	1.490151	23.418792	22.596104	-2.460000E-9	6.004310E-12	-2.536576E-10	-2.581218E-10	-2.707374E-10	-2.797237E-10	-2.839289E-10	-2.931862E-10
40	3707924713.620048	1.479167	23.406964	22.590416	-2.460000E-9	6.003090E-12	-2.530833E-10	-2.555839E-10	-2.693514E-10	-2.771369E-10	-2.844711E-10	-2.881074E-10
41	3707924749.949213	1.475858	23.393190	22.574878	-2.450000E-9	6.003950E-12	-2.550265E-10	-2.580911E-10	-2.645430E-10	-2.766740E-10	-2.762835E-10	-2.917438E-10
42	3707924786.323930	1.492330	23.385758	22.573649	-2.450000E-9	6.003660E-12	-2.486691E-10	-2.561650E-10	-2.637051E-10	-2.700587E-10	-2.769907E-10	-2.849469E-10
43	3707924822.687768	1.485671	23.366101	22.605971	-2.440000E-9	6.003490E-12	-2.482325E-10	-2.566450E-10	-2.644310E-10	-2.721325E-10	-2.785316E-10	-2.866881E-10
44	3707924859.049366	1.482458	23.359223	22.505660	-2.440000E-9	6.003200E-12	-2.491466E-10	-2.546089E-10	-2.647092E-10	-2.724117E-10	-2.785328E-10	-2.860966E-10
45	3707924895.398996	1.475273	23.347571	22.556449	-2.420000E-9	6.002910E-12	-2.500199E-10	-2.578215E-10	-2.644788E-10	-2.729496E-10	-2.804998E-10	-2.873206E-10
46	3707924931.890313	1.498300	23.336138	22.555379	-2.430000E-9	6.003440E-12	-2.512039E-10	-2.588767E-10	-2.667828E-10	-2.721580E-10	-2.811291E-10	-2.870114E-10
47	3707924968.283728	1.473937	23.325418	22.554249	-2.420000E-9	6.002800E-12	-2.507635E-10	-2.576770E-10	-2.658592E-10	-2.738634E-10	-2.822271E-10	-2.881353E-10
48	3707925004.904182	1.458545	23.311148	22.514992	-2.420000E-9	6.003510E-12	-2.523601E-10	-2.598889E-10	-2.673734E-10	-2.751453E-10	-2.807879E-10	-2.884591E-10
49	3707925041.676344	1.485923	23.300984	22.547413	-2.420000E-9	6.004260E-12	-2.518435E-10	-2.610257E-10	-2.701736E-10	-2.762058E-10	-2.833016E-10	-2.901370E-10
50	3707925078.168859	1.459760	23.291135	22.525000	-2.420000E-9	6.002960E-12	-2.515118E-10	-2.579454E-10	-2.658392E-10	-2.712122E-10	-2.796922E-10	-2.877594E-10
51	3707925114.558588	1.467757	23.288319	22.499218	-2.420000E-9	6.003110E-12	-2.500704E-10	-2.569285E-10	-2.646767E-10	-2.718976E-10	-2.771603E-10	-2.857007E-10
52	3707925150.927125	1.464988	23.272922	22.490242	-2.410000E-9	6.003750E-12	-2.496497E-10	-2.568294E-10	-2.642998E-10	-2.711738E-10	-2.787204E-10	-2.877313E-10
53	3707925187.283165	1.451458	23.258377	22.466997	-2.410000E-9	6.003540E-12	-2.500632E-10	-2.578175E-10	-2.639751E-10	-2.720321E-10	-2.812865E-10	-2.871634E-10
54	3707925223.666129	1.459643	23.244229	22.433982	-2.410000E-9	6.003080E-12	-2.503419E-10	-2.579705E-10	-2.652691E-10	-2.701845E-10	-2.799126E-10	-2.864837E-10
55	3707925260.023177	1.446501	23.236540	22.440821	-2.410000E-9	6.002500E-12	-2.479634E-10	-2.570196E-10	-2.639416E-10	-2.723007E-10	-2.794324E-10	-2.858882E-10
56	3707925296.388948	1.468395	23.228891	22.445179	-2.400000E-9	6.001620E-12	-2.512159E-10	-2.590729E-10	-2.662560E-10	-2.721461E-10	-2.776153E-10	-2.860683E-10
57	3707925332.736960	1.467994	23.219953	22.445101	-2.400000E-9	5.999300E-12	-2.485143E-10	-2.566268E-10	-2.633840E-10	-2.710774E-10	-2.785158E-10	-2.875317E-10
58	3707925369.096837	1.461447	23.208538	22.443673	-2.400000E-9	5.986610E-12	-2.481501E-10	-2.571921E-10	-2.662306E-10	-2.719539E-10	-2.797806E-10	-2.862598E-10
#Open Capacitance 1000Hz:Not Measured
#Open Capacitance 100000Hz:4.910620E-12
#34341_041_PSS_HM_XX_interstrip
#Date/Time: 6/30/2021 3:31:35 PM
#Sensor Name: 34341_041_PSS_HM_XX
#Type: P
#Annealing Status: Not Irradiated
#Environment: 20C
#Tester: Eric Spencer

#Notes: 

#Time Delay per Ramp Step (s): 0.000

#Time Delay per Measurement (s) :0.000

#Number of measurements per voltage: 0.000



Strip 	Time	RH	ChuckT	AirT	Global Current	Interstrip C	I_InterstripR_V-0.0	I_InterstripR_V-1.0	I_InterstripR_V-2.0	I_InterstripR_V-3.0	I_InterstripR_V-4.0	I_InterstripR_V-5.0
0	3707926363.776016	1.436255	22.931958	22.225888	-2.340000E-9	5.982630E-12	-2.494844E-10	-2.494844E-10	-2.620797E-10	-2.679526E-10	-2.755605E-10	-2.842253E-10
1	3707926400.637936	1.430489	22.926847	22.250421	-2.340000E-9	5.979200E-12	-3.662003E-10	-6.817627E-8	-1.140383E-7	-1.732035E-7	-2.228038E-7	-2.699414E-7
#Open Capacitance 1000Hz:6.386190E-12
#Open Capacitance 100000Hz:Not Measured
#34341_041_PSS_HM_XX_interstrip
#Date/Time: 6/30/2021 3:36:26 PM
#Sensor Name: 34341_041_PSS_HM_XX
#Type: P
#Annealing Status: Not Irradiated
#Environment: 20C
#Tester: Eric Spencer

#Notes: 

#Time Delay per Ramp Step (s): 0.000

#Time Delay per Measurement (s) :0.000

#Number of measurements per voltage: 0.000



Strip 	Time	RH	ChuckT	AirT	Global Current	Pinhole	Coupling Cap	Istrip_0	Istrip_1	Istrip_2	Istrip_3	Istrip_Mean	Istrip_Median	I_RBias_V-5.0
0	3707926654.400251	1.423396	22.878870	22.231278	-2.360000E-9	-7.991378E-11	9.026040E-11	-2.480691E-10	-2.473831E-10	-2.475835E-10	-2.502153E-10	-2.483127E-10	-2.478263E-10	-2.476388E-6
1	3707926671.101283	1.437038	22.875026	22.254901	-2.340000E-9	-7.876205E-11	9.026070E-11	-2.480691E-10	-2.473831E-10	-2.475835E-10	-2.502153E-10	-2.483127E-10	-2.478263E-10	-2.476346E-6
2	3707926687.942430	1.442371	22.874470	22.252462	-2.350000E-9	-7.465540E-11	9.026180E-11	-2.491759E-10	-2.498794E-10	-2.500953E-10	-2.504706E-10	-2.499053E-10	-2.499873E-10	-2.477838E-6
3	3707926705.020082	1.448209	22.873242	22.262291	-2.340000E-9	-7.585729E-11	9.026580E-11	-2.492480E-10	-2.492107E-10	-2.496974E-10	-2.518930E-10	-2.500123E-10	-2.494727E-10	-2.483324E-6
4	3707926721.807495	1.430610	22.869081	22.260527	-2.340000E-9	-7.786044E-11	9.026230E-11	-2.495366E-10	-2.498011E-10	-2.488054E-10	-2.479540E-10	-2.490243E-10	-2.491710E-10	-2.484115E-6
5	3707926738.827122	1.445938	22.865574	22.247013	-2.340000E-9	-7.024827E-11	9.026450E-11	-2.513126E-10	-2.508996E-10	-2.515503E-10	-2.517306E-10	-2.513733E-10	-2.514314E-10	-2.486420E-6
6	3707926755.626115	1.417274	22.862205	22.216535	-2.330000E-9	-8.226767E-11	9.026270E-11	-2.484877E-10	-2.477015E-10	-2.501927E-10	-2.502263E-10	-2.491520E-10	-2.493402E-10	-2.487227E-6
7	3707926772.534858	1.433882	22.858499	22.225571	-2.340000E-9	-6.974750E-11	9.026580E-11	-2.484245E-10	-2.481589E-10	-2.496996E-10	-2.469348E-10	-2.483044E-10	-2.482917E-10	-2.486531E-6
8	3707926789.322199	1.432713	22.852592	22.238948	-2.340000E-9	-8.281862E-11	9.026140E-11	-2.476039E-10	-2.479318E-10	-2.476009E-10	-2.478214E-10	-2.477395E-10	-2.477126E-10	-2.487930E-6
9	3707926806.417333	1.423090	22.848571	22.254444	-2.330000E-9	-7.796075E-11	9.026550E-11	-2.497821E-10	-2.496592E-10	-2.509221E-10	-2.495208E-10	-2.499710E-10	-2.497206E-10	-2.485532E-6
10	3707926823.339010	1.433115	22.841852	22.270732	-2.330000E-9	-7.335318E-11	9.026950E-11	-2.510578E-10	-2.508643E-10	-2.523390E-10	-2.507550E-10	-2.512540E-10	-2.509610E-10	-2.485325E-6
11	3707926840.122336	1.420858	22.839694	22.271130	-2.330000E-9	-8.001404E-11	9.027030E-11	-2.492081E-10	-2.504125E-10	-2.493491E-10	-2.510829E-10	-2.500132E-10	-2.498808E-10	-2.482589E-6
12	3707926856.913497	1.434303	22.838958	22.281117	-2.320000E-9	-7.660851E-11	9.026980E-11	-2.504089E-10	-2.525507E-10	-2.498751E-10	-2.511576E-10	-2.509981E-10	-2.507832E-10	-2.484161E-6
13	3707926873.699931	1.430350	22.836184	22.272675	-2.320000E-9	-7.796074E-11	9.027030E-11	-2.502113E-10	-2.507956E-10	-2.525704E-10	-2.494711E-10	-2.507621E-10	-2.505034E-10	-2.483739E-6
14	3707926890.476007	1.431439	22.834125	22.252462	-2.320000E-9	-8.156650E-11	9.027710E-11	-2.505166E-10	-2.502759E-10	-2.507986E-10	-2.489182E-10	-2.501273E-10	-2.503963E-10	-2.484167E-6
15	3707926907.276282	1.425959	22.832499	22.253771	-2.320000E-9	-7.350346E-11	9.027660E-11	-2.487956E-10	-2.494219E-10	-2.494139E-10	-2.503530E-10	-2.494961E-10	-2.494179E-10	-2.481017E-6
16	3707926924.362597	1.439089	22.826673	22.252145	-2.320000E-9	-7.871195E-11	9.027920E-11	-2.499926E-10	-2.471727E-10	-2.487501E-10	-2.483775E-10	-2.485732E-10	-2.485638E-10	-2.482635E-6
17	3707926941.104725	1.413746	22.824117	22.247847	-2.320000E-9	-8.121595E-11	9.027730E-11	-2.521541E-10	-2.519639E-10	-2.549141E-10	-2.493270E-10	-2.520898E-10	-2.520590E-10	-2.481501E-6
18	3707926958.181746	1.423784	22.821301	22.258725	-2.320000E-9	-7.831119E-11	9.027850E-11	-2.501602E-10	-2.503406E-10	-2.487410E-10	-2.490024E-10	-2.495611E-10	-2.495813E-10	-2.482946E-6
19	3707926974.930064	1.407228	22.818787	22.278283	-2.330000E-9	-7.831129E-11	9.028210E-11	-2.486437E-10	-2.493886E-10	-2.495862E-10	-2.497965E-10	-2.493538E-10	-2.494874E-10	-2.487463E-6
20	3707926991.704488	1.423165	22.816249	22.263203	-2.310000E-9	-7.650828E-11	9.028790E-11	-2.476619E-10	-2.495876E-10	-2.493011E-10	-2.484032E-10	-2.487384E-10	-2.488521E-10	-2.480688E-6
21	3707927008.747075	1.425732	22.815099	22.278166	-2.310000E-9	-7.896223E-11	9.028790E-11	-2.471294E-10	-2.490401E-10	-2.482552E-10	-2.482195E-10	-2.481611E-10	-2.482373E-10	-2.482323E-6
22	3707927025.477275	1.425730	22.812384	22.271686	-2.310000E-9	-7.936280E-11	9.029490E-11	-2.494464E-10	-2.469985E-10	-2.472251E-10	-2.496399E-10	-2.483275E-10	-2.483357E-10	-2.482855E-6
23	3707927042.243494	1.435240	22.808621	22.248657	-2.310000E-9	-8.181703E-11	9.029900E-11	-2.502961E-10	-2.509995E-10	-2.513817E-10	-2.491351E-10	-2.504531E-10	-2.506478E-10	-2.482851E-6
24	3707927059.028995	1.427443	22.802239	22.234410	-2.310000E-9	-8.226768E-11	9.029990E-11	-2.489865E-10	-2.492494E-10	-2.500140E-10	-2.491998E-10	-2.493624E-10	-2.492246E-10	-2.482574E-6
25	3707927075.830983	1.422211	22.800218	22.207956	-2.310000E-9	-7.570709E-11	9.030290E-11	-2.496187E-10	-2.492965E-10	-2.489873E-10	-2.487471E-10	-2.491624E-10	-2.491419E-10	-2.479597E-6
26	3707927092.885453	1.422588	22.794886	22.190338	-2.310000E-9	-8.146642E-11	9.030340E-11	-2.489975E-10	-2.500132E-10	-2.489750E-10	-2.488296E-10	-2.492038E-10	-2.489863E-10	-2.481174E-6
27	3707927109.690681	1.424246	22.789496	22.193844	-2.310000E-9	-7.520628E-11	9.030680E-11	-2.480022E-10	-2.466001E-10	-2.471658E-10	-2.470990E-10	-2.472168E-10	-2.471324E-10	-2.478137E-6
28	3707927126.732282	1.420748	22.784127	22.203852	-2.310000E-9	-8.106590E-11	9.030790E-11	-2.468700E-10	-2.505504E-10	-2.477550E-10	-2.484455E-10	-2.484052E-10	-2.481002E-10	-2.481720E-6
29	3707927143.664717	1.419543	22.778499	22.208966	-2.310000E-9	-8.101569E-11	9.031120E-11	-2.510170E-10	-2.517161E-10	-2.512843E-10	-2.521617E-10	-2.515448E-10	-2.515002E-10	-2.481349E-6
30	3707927160.485308	1.419298	22.774496	22.199592	-2.310000E-9	-8.236779E-11	9.031690E-11	-2.485496E-10	-2.485988E-10	-2.499083E-10	-2.497378E-10	-2.491986E-10	-2.491683E-10	-2.478837E-6
31	3707927177.303518	1.416784	22.769660	22.204922	-2.300000E-9	-7.730962E-11	9.031550E-11	-2.506318E-10	-2.495763E-10	-2.502193E-10	-2.506650E-10	-2.502731E-10	-2.504256E-10	-2.481387E-6
32	3707927194.242931	1.423415	22.768371	22.180449	-2.300000E-9	-8.151647E-11	9.032110E-11	-2.479481E-10	-2.476916E-10	-2.489732E-10	-2.481015E-10	-2.481786E-10	-2.480248E-10	-2.479703E-6
33	3707927211.200696	1.399852	22.762052	22.149732	-2.300000E-9	-8.051484E-11	9.032270E-11	-2.479639E-10	-2.482350E-10	-2.487635E-10	-2.482003E-10	-2.482907E-10	-2.482177E-10	-2.481488E-6
34	3707927228.167877	1.396428	22.756543	22.168777	-2.310000E-9	-8.266837E-11	9.032460E-11	-2.508508E-10	-2.479108E-10	-2.494039E-10	-2.488275E-10	-2.492483E-10	-2.491157E-10	-2.482331E-6
35	3707927244.910678	1.411715	22.755868	22.164655	-2.290000E-9	-8.366999E-11	9.032770E-11	-2.491198E-10	-2.473457E-10	-2.470655E-10	-2.496347E-10	-2.482914E-10	-2.482328E-10	-2.481650E-6
36	3707927261.639090	1.402411	22.753291	22.155023	-2.300000E-9	-7.435488E-11	9.033140E-11	-2.492959E-10	-2.476324E-10	-2.486081E-10	-2.480355E-10	-2.483930E-10	-2.483218E-10	-2.483453E-6
37	3707927278.440596	1.410121	22.747486	22.170026	-2.300000E-9	-7.595752E-11	9.033220E-11	-2.479749E-10	-2.477972E-10	-2.468050E-10	-2.470989E-10	-2.474190E-10	-2.474481E-10	-2.481845E-6
38	3707927295.232642	1.405484	22.743878	22.174782	-2.300000E-9	-7.114963E-11	9.033210E-11	-2.485953E-10	-2.478779E-10	-2.488892E-10	-2.474909E-10	-2.482133E-10	-2.482366E-10	-2.481747E-6
39	3707927312.001066	1.411815	22.742491	22.147771	-2.290000E-9	-7.796063E-11	9.033820E-11	-2.498906E-10	-2.483731E-10	-2.501500E-10	-2.497851E-10	-2.495497E-10	-2.498378E-10	-2.482454E-6
40	3707927328.803145	1.390411	22.736605	22.157582	-2.290000E-9	-8.196715E-11	9.034300E-11	-2.494431E-10	-2.472813E-10	-2.473828E-10	-2.480871E-10	-2.480486E-10	-2.477350E-10	-2.479565E-6
41	3707927345.577068	1.409012	22.731891	22.170125	-2.290000E-9	-7.846146E-11	9.034460E-11	-2.538676E-10	-2.464638E-10	-2.464473E-10	-2.484757E-10	-2.488136E-10	-2.474697E-10	-2.480668E-6
42	3707927362.368161	1.415518	22.728442	22.152249	-2.290000E-9	-8.617370E-11	9.034400E-11	-2.472728E-10	-2.476291E-10	-2.471687E-10	-2.468374E-10	-2.472270E-10	-2.472207E-10	-2.481595E-6
43	3707927379.299109	1.412925	22.725727	22.139826	-2.290000E-9	-7.450502E-11	9.034600E-11	-2.472690E-10	-2.465522E-10	-2.458132E-10	-2.454011E-10	-2.462589E-10	-2.461827E-10	-2.481725E-6
44	3707927396.207729	1.409796	22.721961	22.134634	-2.290000E-9	-7.430469E-11	9.035270E-11	-2.486233E-10	-2.473757E-10	-2.472126E-10	-2.468430E-10	-2.475137E-10	-2.472942E-10	-2.485550E-6
45	3707927413.145036	1.414913	22.719169	22.128569	-2.290000E-9	-7.485566E-11	9.034870E-11	-2.476639E-10	-2.466435E-10	-2.441512E-10	-2.450609E-10	-2.458799E-10	-2.458522E-10	-2.484117E-6
46	3707927429.929310	1.396724	22.716829	22.126270	-2.280000E-9	-8.346956E-11	9.035340E-11	-2.473064E-10	-2.477443E-10	-2.466868E-10	-2.467589E-10	-2.471241E-10	-2.470326E-10	-2.485751E-6
47	3707927446.690941	1.386816	22.711203	22.086143	-2.280000E-9	-7.710941E-11	9.035280E-11	-2.489967E-10	-2.465638E-10	-2.469832E-10	-2.466939E-10	-2.473094E-10	-2.468386E-10	-2.485095E-6
48	3707927463.739026	1.406322	22.707655	22.122922	-2.300000E-9	-8.336938E-11	9.035840E-11	-2.475570E-10	-2.460209E-10	-2.481788E-10	-2.488027E-10	-2.476398E-10	-2.478679E-10	-2.488022E-6
49	3707927480.547021	1.422804	22.703631	22.093455	-2.290000E-9	-7.655846E-11	9.035100E-11	-2.471142E-10	-2.492078E-10	-2.491634E-10	-2.480756E-10	-2.483902E-10	-2.486195E-10	-2.492015E-6
50	3707927497.471598	1.394764	22.699213	22.105008	-2.280000E-9	-7.220136E-11	9.036460E-11	-2.488608E-10	-2.494445E-10	-2.485758E-10	-2.479691E-10	-2.487125E-10	-2.487183E-10	-2.486580E-6
51	3707927514.418440	1.401273	22.693486	22.109306	-2.290000E-9	-7.826106E-11	9.036560E-11	-2.458478E-10	-2.470623E-10	-2.485778E-10	-2.467340E-10	-2.470555E-10	-2.468981E-10	-2.483698E-6
52	3707927531.227136	1.395632	22.691208	22.102312	-2.280000E-9	-7.580713E-11	9.037220E-11	-2.455824E-10	-2.452284E-10	-2.452112E-10	-2.436400E-10	-2.449155E-10	-2.452198E-10	-2.481548E-6
53	3707927547.990425	1.391721	22.682784	22.111369	-2.280000E-9	-7.901247E-11	9.037490E-11	-2.465524E-10	-2.466750E-10	-2.457307E-10	-2.471510E-10	-2.465273E-10	-2.466137E-10	-2.479888E-6
54	3707927564.784930	1.395593	22.676919	22.140717	-2.280000E-9	-7.981373E-11	9.037830E-11	-2.456993E-10	-2.475939E-10	-2.479235E-10	-2.483032E-10	-2.473800E-10	-2.477587E-10	-2.480440E-6
55	3707927581.576735	1.394716	22.672203	22.122725	-2.280000E-9	-7.645828E-11	9.038060E-11	-2.452474E-10	-2.467511E-10	-2.474299E-10	-2.449371E-10	-2.460914E-10	-2.459992E-10	-2.480801E-6
56	3707927598.390651	1.392926	22.669548	22.127875	-2.280000E-9	-7.595747E-11	9.038490E-11	-2.442913E-10	-2.451858E-10	-2.451064E-10	-2.460477E-10	-2.451578E-10	-2.451461E-10	-2.483271E-6
57	3707927615.171766	1.397479	22.667465	22.112636	-2.280000E-9	-8.021424E-11	9.038750E-11	-2.482939E-10	-2.470269E-10	-2.470028E-10	-2.465736E-10	-2.472243E-10	-2.470149E-10	-2.484112E-6
58	3707927632.075675	1.394501	22.666060	22.128291	-2.270000E-9	-8.522237E-11	9.038950E-11	-2.454904E-10	-2.466730E-10	-2.450593E-10	-2.459631E-10	-2.457965E-10	-2.457268E-10	-2.482243E-6
59	3707927648.837056	1.416299	22.662769	22.137686	-2.270000E-9	-7.640796E-11	9.039660E-11	-2.469954E-10	-2.458445E-10	-2.458853E-10	-2.454033E-10	-2.460321E-10	-2.458649E-10	-2.480499E-6
#Open Capacitance 1000Hz:6.382430E-12
#Open Capacitance 100000Hz:Not Measured
#34341_041_PSS_HM_XX_interstrip
#Date/Time: 6/30/2021 5:00:00 PM
#Sensor Name: 34341_041_PSS_HM_XX
#Type: P
#Annealing Status: Not Irradiated
#Environment: 20C
#Tester: Eric Spencer

#Notes: 

#Time Delay per Ramp Step (s): 0.000

#Time Delay per Measurement (s) :0.000

#Number of measurements per voltage: 0.000



Strip 	Time	RH	ChuckT	AirT	Global Current	Pinhole	Coupling Cap	Istrip_0	Istrip_1	Istrip_2	Istrip_3	Istrip_Mean	Istrip_Median	I_RBias_V-5.0
60	3707931668.856681	1.339244	22.224465	22.003506	-2.200000E-9	-8.607387E-11	9.041050E-11	-2.432289E-10	-2.434971E-10	-2.444082E-10	-2.430348E-10	-2.435423E-10	-2.433630E-10	-2.474572E-6
#Open Capacitance 1000Hz:Not Measured
#Open Capacitance 100000Hz:4.910220E-12
#34341_041_PSS_HM_XX_interstrip
#Date/Time: 6/30/2021 5:11:50 PM
#Sensor Name: 34341_041_PSS_HM_XX
#Type: P
#Annealing Status: Not Irradiated
#Environment: 20C
#Tester: Eric Spencer

#Notes: 

#Time Delay per Ramp Step (s): 0.000

#Time Delay per Measurement (s) :0.000

#Number of measurements per voltage: 0.000



Strip 	Time	RH	ChuckT	AirT	Global Current	Interstrip C	I_InterstripR_V-0.0	I_InterstripR_V-1.0	I_InterstripR_V-2.0	I_InterstripR_V-3.0	I_InterstripR_V-4.0	I_InterstripR_V-5.0
59	3707932378.681494	1.353883	22.187608	22.068564	-2.190000E-9	5.935350E-12	-2.434971E-10	-2.551988E-10	-2.638465E-10	-2.757607E-10	-2.851049E-10	-2.931859E-10
