#Open Capacitance 1000Hz:4.493930E-12
#Open Capacitance 1000000Hz:Not Measured
#37399_033_PSS_HM_X_Irrad_20min_Single
#Date/Time: 12/7/2021 11:12:51 AM
#Sensor Name: 37399_033_PSS_HM_X
#Station: Tesla
#Annealing Status: 20 min
#Environment: -20C
#Tester: Eric Spencer

#Notes: OT sensor irrad 10

#Time Delay per Ramp Step (s): 0.000

#Time Delay per Measurement (s) :0.000

#Number of measurements per voltage: 0.000



Strip 	Time	RH	ChuckT	AirT	Global Current	Pinhole	Coupling Cap	Istrip_0	Istrip_1	Istrip_2	Istrip_3	Istrip_Mean	Istrip_Median	I_RBias_V-5.0
1	3721738441.034837	1.176023	-20.000000	26.429486	-3.512300E-5	-5.588641E-11	8.857320E-11	-5.041858E-7	-5.041818E-7	-5.041422E-7	-5.041620E-7	-5.041680E-7	-5.041719E-7	-2.220953E-6
2	3721738457.686036	1.180825	-20.000000	26.419421	-3.513900E-5	-5.278240E-11	8.856750E-11	-4.983123E-7	-4.982741E-7	-4.981825E-7	-4.982435E-7	-4.982531E-7	-4.982588E-7	-2.228061E-6
3	3721738473.632048	1.192945	-20.000000	26.405488	-3.514000E-5	-5.368356E-11	8.854180E-11	-4.968655E-7	-4.969078E-7	-4.969304E-7	-4.969392E-7	-4.969107E-7	-4.969191E-7	-2.232434E-6
4	3721738489.763654	1.190036	-20.000000	26.400873	-3.514900E-5	-5.553596E-11	8.851950E-11	-4.964402E-7	-4.964383E-7	-4.964289E-7	-4.964211E-7	-4.964321E-7	-4.964336E-7	-2.233465E-6
5	3721738505.818513	1.197978	-20.000000	26.380878	-3.513600E-5	-4.982860E-11	8.850750E-11	-4.961160E-7	-4.961316E-7	-4.961566E-7	-4.962009E-7	-4.961513E-7	-4.961441E-7	-2.234333E-6
6	3721738521.670417	1.204076	-20.000000	26.375288	-3.513900E-5	-5.428434E-11	8.848450E-11	-4.960999E-7	-4.961132E-7	-4.961324E-7	-4.961655E-7	-4.961278E-7	-4.961228E-7	-2.230454E-6
7	3721738537.527141	1.196863	-20.000000	26.360584	-3.514500E-5	-5.348333E-11	8.847100E-11	-4.961708E-7	-4.961924E-7	-4.962107E-7	-4.962031E-7	-4.961942E-7	-4.961977E-7	-2.232013E-6
8	3721738553.609546	1.191907	-20.000000	26.346416	-3.512500E-5	-5.363349E-11	8.845910E-11	-4.961142E-7	-4.961443E-7	-4.961347E-7	-4.961090E-7	-4.961255E-7	-4.961244E-7	-2.229496E-6
9	3721738569.660614	1.187131	-20.000000	26.350260	-3.512000E-5	-5.082990E-11	8.845000E-11	-4.960337E-7	-4.960650E-7	-4.960728E-7	-4.960613E-7	-4.960582E-7	-4.960631E-7	-2.228896E-6
10	3721738585.718262	1.181390	-20.000000	26.348179	-3.510700E-5	-5.323299E-11	8.843790E-11	-4.961151E-7	-4.961352E-7	-4.961555E-7	-4.961817E-7	-4.961469E-7	-4.961453E-7	-2.226071E-6
11	3721738601.767498	1.184841	-20.000000	26.350281	-3.510800E-5	-4.937802E-11	8.843400E-11	-4.962916E-7	-4.963147E-7	-4.963524E-7	-4.963578E-7	-4.963291E-7	-4.963335E-7	-2.225463E-6
12	3721738617.794658	1.194266	-20.000000	26.339896	-3.510600E-5	-5.333313E-11	8.843220E-11	-4.963697E-7	-4.963881E-7	-4.964129E-7	-4.964254E-7	-4.963990E-7	-4.964005E-7	-2.223485E-6
13	3721738633.888751	1.191375	-20.000000	26.331216	-3.510200E-5	-5.343324E-11	8.842710E-11	-4.963175E-7	-4.963106E-7	-4.963431E-7	-4.964118E-7	-4.963457E-7	-4.963303E-7	-2.223180E-6
14	3721738649.937523	1.201961	-20.000000	26.343938	-3.509400E-5	-5.057955E-11	8.843260E-11	-4.966985E-7	-4.967125E-7	-4.967170E-7	-4.967026E-7	-4.967076E-7	-4.967075E-7	-2.222661E-6
15	3721738666.010000	1.187470	-20.000000	26.323231	-3.508500E-5	-5.263223E-11	8.842470E-11	-4.967153E-7	-4.967099E-7	-4.966993E-7	-4.967101E-7	-4.967087E-7	-4.967100E-7	-2.225658E-6
16	3721738682.071586	1.190663	-20.000000	26.321704	-3.509800E-5	-5.293261E-11	8.842140E-11	-4.970030E-7	-4.970115E-7	-4.970211E-7	-4.970279E-7	-4.970159E-7	-4.970163E-7	-2.226360E-6
17	3721738698.285006	1.188080	-20.000000	26.327491	-3.508600E-5	-5.563609E-11	8.841970E-11	-4.973535E-7	-4.973589E-7	-4.973420E-7	-4.973577E-7	-4.973530E-7	-4.973556E-7	-2.221884E-6
18	3721738714.200222	1.194610	-20.000000	26.307556	-3.508600E-5	-5.383378E-11	8.841520E-11	-4.974621E-7	-4.974715E-7	-4.974834E-7	-4.975050E-7	-4.974805E-7	-4.974775E-7	-2.225182E-6
19	3721738730.261347	1.187588	-20.000000	26.299945	-3.508400E-5	-5.328306E-11	8.841750E-11	-4.977358E-7	-4.977454E-7	-4.977717E-7	-4.977559E-7	-4.977522E-7	-4.977507E-7	-2.222305E-6
20	3721738746.337971	1.197887	-20.000000	26.286530	-3.508400E-5	-5.193132E-11	8.841570E-11	-4.979130E-7	-4.979261E-7	-4.979407E-7	-4.979465E-7	-4.979316E-7	-4.979334E-7	-2.223705E-6
21	3721738762.379685	1.194228	-20.000000	26.275551	-3.509200E-5	-5.383380E-11	8.841550E-11	-4.980879E-7	-4.980977E-7	-4.980852E-7	-4.981162E-7	-4.980968E-7	-4.980928E-7	-2.225405E-6
22	3721738778.426599	1.197910	-20.000000	26.285400	-3.504900E-5	-5.378371E-11	8.841610E-11	-4.979817E-7	-4.980016E-7	-4.980122E-7	-4.980106E-7	-4.980015E-7	-4.980061E-7	-2.224052E-6
23	3721738794.489166	1.185030	-20.000000	26.282865	-3.503300E-5	-5.338319E-11	8.841730E-11	-4.978946E-7	-4.978928E-7	-4.978861E-7	-4.978597E-7	-4.978833E-7	-4.978894E-7	-2.220915E-6
24	3721738810.527525	1.206336	-20.000000	26.266197	-3.504700E-5	-5.348332E-11	8.842450E-11	-4.981721E-7	-4.981470E-7	-4.981630E-7	-4.981796E-7	-4.981654E-7	-4.981675E-7	-2.223919E-6
25	3721738826.520669	1.199955	-20.000000	26.282745	-3.503400E-5	-5.133053E-11	8.841890E-11	-4.982163E-7	-4.982216E-7	-4.982213E-7	-4.982556E-7	-4.982287E-7	-4.982215E-7	-2.217774E-6
26	3721738842.574885	1.201500	-20.000000	26.270517	-3.501500E-5	-5.393387E-11	8.841850E-11	-4.982590E-7	-4.982325E-7	-4.982120E-7	-4.982134E-7	-4.982292E-7	-4.982229E-7	-2.219419E-6
27	3721738858.612822	1.209365	-20.000000	26.263582	-3.501800E-5	-5.153083E-11	8.841160E-11	-4.984844E-7	-4.984644E-7	-4.984896E-7	-4.985245E-7	-4.984907E-7	-4.984870E-7	-2.220055E-6
28	3721738874.664776	1.198165	-20.000000	26.250642	-3.500300E-5	-5.052949E-11	8.841140E-11	-4.983019E-7	-4.982915E-7	-4.983191E-7	-4.983295E-7	-4.983105E-7	-4.983105E-7	-2.217800E-6
29	3721738890.696455	1.207017	-20.000000	26.254327	-3.498100E-5	-5.233179E-11	8.841160E-11	-4.983181E-7	-4.983679E-7	-4.983992E-7	-4.983884E-7	-4.983684E-7	-4.983782E-7	-2.222205E-6
30	3721738906.723215	1.189361	-20.000000	26.231161	-3.495900E-5	-5.042938E-11	8.841200E-11	-4.977163E-7	-4.977152E-7	-4.976977E-7	-4.976722E-7	-4.977004E-7	-4.977065E-7	-2.221297E-6
31	3721738922.761145	1.192073	-20.000000	26.227397	-3.489900E-5	-5.538575E-11	8.840990E-11	-4.975006E-7	-4.974854E-7	-4.974836E-7	-4.974631E-7	-4.974832E-7	-4.974845E-7	-2.224221E-6
32	3721738938.816291	1.179820	-20.000000	26.220086	-3.489100E-5	-5.338319E-11	8.841270E-11	-4.973263E-7	-4.972910E-7	-4.972674E-7	-4.972849E-7	-4.972924E-7	-4.972880E-7	-2.224236E-6
33	3721738954.827760	1.201425	-20.000000	26.207205	-3.493000E-5	-5.153078E-11	8.842500E-11	-4.982783E-7	-4.981960E-7	-4.981671E-7	-4.981820E-7	-4.982058E-7	-4.981890E-7	-2.223206E-6
34	3721738970.865835	1.199513	-20.000000	26.220421	-3.502400E-5	-5.098006E-11	8.840650E-11	-4.998304E-7	-4.998639E-7	-4.998848E-7	-4.998793E-7	-4.998646E-7	-4.998716E-7	-2.221422E-6
35	3721738987.028333	1.195723	-20.000000	26.208314	-3.501500E-5	-5.318291E-11	8.840640E-11	-4.997846E-7	-4.998170E-7	-4.998524E-7	-4.998395E-7	-4.998234E-7	-4.998283E-7	-2.219896E-6
36	3721739002.998770	1.201228	-20.000000	26.198821	-3.497500E-5	-5.308283E-11	8.840420E-11	-4.990769E-7	-4.991016E-7	-4.991206E-7	-4.991145E-7	-4.991034E-7	-4.991080E-7	-2.220999E-6
37	3721739019.151591	1.206506	-20.000000	26.196761	-3.503400E-5	-5.478500E-11	8.840630E-11	-4.998845E-7	-4.998964E-7	-4.998770E-7	-4.998851E-7	-4.998858E-7	-4.998848E-7	-2.218782E-6
38	3721739035.099252	1.189208	-20.000000	26.195870	-3.494900E-5	-5.343323E-11	8.841000E-11	-4.992395E-7	-4.992422E-7	-4.993158E-7	-4.993528E-7	-4.992876E-7	-4.992790E-7	-2.218143E-6
39	3721739051.136767	1.183661	-20.000000	26.187527	-3.486100E-5	-5.478498E-11	8.841150E-11	-4.983788E-7	-4.983992E-7	-4.983905E-7	-4.983968E-7	-4.983913E-7	-4.983937E-7	-2.221705E-6
40	3721739067.168801	1.188512	-20.000000	26.174644	-3.495400E-5	-5.318294E-11	8.840230E-11	-4.995690E-7	-4.995230E-7	-4.994988E-7	-4.995213E-7	-4.995280E-7	-4.995222E-7	-2.218531E-6
41	3721739083.341740	1.195441	-20.000000	26.167332	-3.499200E-5	-5.213157E-11	8.839720E-11	-5.002096E-7	-5.002835E-7	-5.003461E-7	-5.003465E-7	-5.002964E-7	-5.003148E-7	-2.217084E-6
42	3721739099.530532	1.198738	-20.000000	26.162855	-3.496200E-5	-5.568613E-11	8.839860E-11	-5.001873E-7	-5.001662E-7	-5.001590E-7	-5.001588E-7	-5.001678E-7	-5.001626E-7	-2.222210E-6
43	3721739115.438951	1.191745	-20.000000	26.169135	-3.486900E-5	-5.077983E-11	8.839490E-11	-4.991317E-7	-4.991000E-7	-4.990567E-7	-4.990783E-7	-4.990917E-7	-4.990892E-7	-2.224329E-6
44	3721739131.292051	1.204471	-20.000000	26.151182	-3.497200E-5	-5.218163E-11	8.839090E-11	-5.006074E-7	-5.006132E-7	-5.005998E-7	-5.005783E-7	-5.005997E-7	-5.006036E-7	-2.224696E-6
45	3721739147.335202	1.199266	-20.000000	26.168145	-3.496200E-5	-5.498521E-11	8.839600E-11	-5.006232E-7	-5.006287E-7	-5.006324E-7	-5.006371E-7	-5.006304E-7	-5.006305E-7	-2.222747E-6
46	3721739163.356086	1.185997	-20.000000	26.154332	-3.477800E-5	-5.488511E-11	8.837950E-11	-4.998425E-7	-4.998235E-7	-4.998457E-7	-4.998058E-7	-4.998294E-7	-4.998330E-7	-2.222806E-6
47	3721739179.357748	1.195210	-20.000000	26.139987	-3.485700E-5	-5.293262E-11	8.839340E-11	-4.995730E-7	-4.994770E-7	-4.995533E-7	-4.994845E-7	-4.995220E-7	-4.995189E-7	-2.223022E-6
48	3721739195.387379	1.189044	-20.000000	26.139075	-3.485400E-5	-5.138059E-11	8.837480E-11	-4.992644E-7	-4.990530E-7	-4.990231E-7	-4.990001E-7	-4.990851E-7	-4.990380E-7	-2.221169E-6
49	3721739211.560288	1.198171	-20.000000	26.120545	-3.496300E-5	-5.293259E-11	8.838250E-11	-5.021549E-7	-5.021342E-7	-5.021396E-7	-5.021594E-7	-5.021470E-7	-5.021473E-7	-2.216477E-6
50	3721739227.472252	1.210987	-20.000000	26.132317	-3.503800E-5	-5.238192E-11	8.837760E-11	-5.020796E-7	-5.020909E-7	-5.020826E-7	-5.020604E-7	-5.020784E-7	-5.020811E-7	-2.215145E-6
51	3721739243.636403	1.200219	-20.000000	26.118268	-3.500600E-5	-5.278242E-11	8.837430E-11	-5.015048E-7	-5.014973E-7	-5.015007E-7	-5.015164E-7	-5.015048E-7	-5.015028E-7	-2.215527E-6
52	3721739259.579712	1.203383	-20.000000	26.111668	-3.498000E-5	-5.458474E-11	8.837020E-11	-5.019199E-7	-5.019055E-7	-5.019025E-7	-5.019021E-7	-5.019075E-7	-5.019040E-7	-2.214219E-6
53	3721739275.929273	1.216728	-20.000000	26.103919	-3.480100E-5	-5.573619E-11	8.836870E-11	-4.995451E-7	-4.996053E-7	-4.996497E-7	-4.996725E-7	-4.996182E-7	-4.996275E-7	-2.217497E-6
54	3721739291.808203	1.214662	-20.000000	26.105010	-3.475200E-5	-5.363348E-11	8.837120E-11	-4.988220E-7	-4.988015E-7	-4.988033E-7	-4.988333E-7	-4.988150E-7	-4.988126E-7	-2.221371E-6
55	3721739307.891294	1.201537	-20.000000	26.109706	-3.465000E-5	-5.168101E-11	8.836560E-11	-4.976987E-7	-4.976849E-7	-4.977049E-7	-4.976951E-7	-4.976959E-7	-4.976969E-7	-2.220538E-6
56	3721739323.741735	1.196425	-20.000000	26.102969	-3.466400E-5	-5.423426E-11	8.836360E-11	-4.980384E-7	-4.980766E-7	-4.980935E-7	-4.981048E-7	-4.980783E-7	-4.980850E-7	-2.222847E-6
57	3721739340.236471	1.198823	-20.000000	26.097857	-3.466500E-5	-5.573621E-11	8.835680E-11	-4.984157E-7	-4.984224E-7	-4.983758E-7	-4.984249E-7	-4.984097E-7	-4.984191E-7	-2.223913E-6
58	3721739355.959880	1.199785	-20.000000	26.080000	-3.466400E-5	-5.173106E-11	8.835640E-11	-4.990726E-7	-4.990264E-7	-4.989861E-7	-4.990220E-7	-4.990268E-7	-4.990242E-7	-2.221727E-6
59	3721739372.082015	1.198342	-20.000000	26.090761	-3.469800E-5	-5.163088E-11	8.835170E-11	-5.005898E-7	-5.005703E-7	-5.006149E-7	-5.006193E-7	-5.005986E-7	-5.006023E-7	-2.215297E-6
60	3721739388.083159	1.203238	-20.000000	26.083192	-3.467600E-5	-5.052949E-11	8.834260E-11	-5.063845E-7	-5.064134E-7	-5.064066E-7	-5.064167E-7	-5.064053E-7	-5.064100E-7	-2.210561E-6
