38694_040_2-S_HM_XX_Irrad_20min
Date/Time: 3/9/2022 11:02:25 AM
Sensor Name: 38694_040_2-S_HM_XX
Station: Tesla
Annealing Status: 20 min
Environment: -20C
Tester: Eric Spencer
Notes: Irradiated for 24m at RINSC

Time Delay per Ramp Step (s): 1.000

CV Time Delay per Measurement (s) :0.500

AC Voltage (V): 0.500

Current Number of measurements per voltage: 4.000

IV Time Delay per Measurement (s) :0.500


BiasVoltage	Bias Current_Avg	Bias Current_0	Bias Current_1	Bias Current_2	Bias Current_3	Temperature	Air_Temp	Humidity	Dewpoint	
  -10.0000	-2.4700E-6	-2.4700E-6	-2.4700E-6	-2.4700E-6	-2.4700E-6	  -20.0000	   26.5261	    1.1698	    0.0000	
  -20.0000	-3.2600E-6	-3.2600E-6	-3.2600E-6	-3.2600E-6	-3.2600E-6	  -20.0000	   26.5261	    1.1698	    0.0000	
  -30.0000	-3.8700E-6	-3.8700E-6	-3.8700E-6	-3.8700E-6	-3.8700E-6	  -20.0000	   26.5261	    1.1698	    0.0000	
  -40.0000	-4.3900E-6	-4.3900E-6	-4.3900E-6	-4.3900E-6	-4.3900E-6	  -20.0000	   26.5261	    1.1698	    0.0000	
  -50.0000	-4.8500E-6	-4.8500E-6	-4.8500E-6	-4.8500E-6	-4.8500E-6	  -20.0000	   26.5261	    1.1698	    0.0000	
  -60.0000	-5.2700E-6	-5.2700E-6	-5.2700E-6	-5.2700E-6	-5.2700E-6	  -20.0000	   26.5261	    1.1698	    0.0000	
  -70.0000	-5.6600E-6	-5.6600E-6	-5.6600E-6	-5.6600E-6	-5.6600E-6	  -20.0000	   26.5261	    1.1698	    0.0000	
  -80.0000	-6.0200E-6	-6.0200E-6	-6.0200E-6	-6.0200E-6	-6.0200E-6	  -20.0000	   26.5261	    1.1698	    0.0000	
  -90.0000	-6.3700E-6	-6.3700E-6	-6.3700E-6	-6.3700E-6	-6.3700E-6	  -20.0000	   26.5261	    1.1698	    0.0000	
 -100.0000	-6.7000E-6	-6.7000E-6	-6.7000E-6	-6.7000E-6	-6.7000E-6	  -20.0000	   26.5261	    1.1698	    0.0000	
 -110.0000	-7.0100E-6	-7.0100E-6	-7.0100E-6	-7.0100E-6	-7.0100E-6	  -20.0000	   26.5261	    1.1698	    0.0000	
 -120.0000	-7.3100E-6	-7.3100E-6	-7.3100E-6	-7.3100E-6	-7.3100E-6	  -20.0000	   26.5261	    1.1698	    0.0000	
 -130.0000	-7.6000E-6	-7.6000E-6	-7.6000E-6	-7.6000E-6	-7.6000E-6	  -20.0000	   26.5261	    1.1698	    0.0000	
 -140.0000	-7.8700E-6	-7.8700E-6	-7.8700E-6	-7.8700E-6	-7.8700E-6	  -20.0000	   26.5261	    1.1698	    0.0000	
 -150.0000	-8.1400E-6	-8.1400E-6	-8.1400E-6	-8.1400E-6	-8.1400E-6	  -20.0000	   26.5261	    1.1698	    0.0000	
 -160.0000	-8.4000E-6	-8.4000E-6	-8.4000E-6	-8.4000E-6	-8.4000E-6	  -20.0000	   26.5261	    1.1698	    0.0000	
 -170.0000	-8.6500E-6	-8.6500E-6	-8.6500E-6	-8.6500E-6	-8.6500E-6	  -20.0000	   26.5261	    1.1698	    0.0000	
 -180.0000	-8.9000E-6	-8.9000E-6	-8.9000E-6	-8.9000E-6	-8.9000E-6	  -20.0000	   26.5261	    1.1698	    0.0000	
 -190.0000	-9.1500E-6	-9.1500E-6	-9.1500E-6	-9.1500E-6	-9.1500E-6	  -20.0000	   26.5261	    1.1698	    0.0000	
 -200.0000	-9.3700E-6	-9.3700E-6	-9.3700E-6	-9.3700E-6	-9.3700E-6	  -20.0000	   26.5261	    1.1698	    0.0000	
 -210.0000	-9.5900E-6	-9.5900E-6	-9.5900E-6	-9.5900E-6	-9.5900E-6	  -20.0000	   26.5261	    1.1698	    0.0000	
 -220.0000	-9.8000E-6	-9.8000E-6	-9.8000E-6	-9.8000E-6	-9.8000E-6	  -20.0000	   26.5261	    1.1698	    0.0000	
 -230.0000	-1.0010E-5	-1.0010E-5	-1.0010E-5	-1.0010E-5	-1.0010E-5	  -20.0000	   26.5261	    1.1698	    0.0000	
 -240.0000	-1.0220E-5	-1.0220E-5	-1.0220E-5	-1.0220E-5	-1.0220E-5	  -20.0000	   26.5261	    1.1698	    0.0000	
 -250.0000	-1.0410E-5	-1.0410E-5	-1.0410E-5	-1.0410E-5	-1.0410E-5	  -20.0000	   26.5261	    1.1698	    0.0000	
 -260.0000	-1.0600E-5	-1.0600E-5	-1.0600E-5	-1.0600E-5	-1.0600E-5	  -20.0000	   26.5261	    1.1698	    0.0000	
 -270.0000	-1.0790E-5	-1.0790E-5	-1.0790E-5	-1.0790E-5	-1.0790E-5	  -20.0000	   26.5261	    1.1698	    0.0000	
 -280.0000	-1.0970E-5	-1.0970E-5	-1.0970E-5	-1.0970E-5	-1.0970E-5	  -20.0000	   26.5261	    1.1698	    0.0000	
 -290.0000	-1.1150E-5	-1.1150E-5	-1.1150E-5	-1.1150E-5	-1.1150E-5	  -20.0000	   26.5261	    1.1698	    0.0000	
 -300.0000	-1.1310E-5	-1.1310E-5	-1.1310E-5	-1.1310E-5	-1.1310E-5	  -20.0000	   26.5261	    1.1698	    0.0000	
 -310.0000	-1.1470E-5	-1.1470E-5	-1.1470E-5	-1.1470E-5	-1.1470E-5	  -20.0000	   26.5261	    1.1698	    0.0000	
 -320.0000	-1.1630E-5	-1.1630E-5	-1.1630E-5	-1.1630E-5	-1.1630E-5	  -20.0000	   26.5261	    1.1698	    0.0000	
 -330.0000	-1.1770E-5	-1.1770E-5	-1.1770E-5	-1.1770E-5	-1.1770E-5	  -20.0000	   26.5261	    1.1698	    0.0000	
 -340.0000	-1.1930E-5	-1.1930E-5	-1.1930E-5	-1.1930E-5	-1.1930E-5	  -20.0000	   26.5261	    1.1698	    0.0000	
 -350.0000	-1.2070E-5	-1.2070E-5	-1.2070E-5	-1.2070E-5	-1.2070E-5	  -20.0000	   26.5261	    1.1698	    0.0000	
 -360.0000	-1.2210E-5	-1.2210E-5	-1.2210E-5	-1.2210E-5	-1.2210E-5	  -20.0000	   26.5261	    1.1698	    0.0000	
 -370.0000	-1.2330E-5	-1.2330E-5	-1.2330E-5	-1.2330E-5	-1.2330E-5	  -20.0000	   26.5261	    1.1698	    0.0000	
 -380.0000	-1.2470E-5	-1.2470E-5	-1.2470E-5	-1.2470E-5	-1.2470E-5	  -20.0000	   26.5261	    1.1698	    0.0000	
 -390.0000	-1.2590E-5	-1.2590E-5	-1.2590E-5	-1.2590E-5	-1.2590E-5	  -20.0000	   26.5261	    1.1698	    0.0000	
 -400.0000	-1.2710E-5	-1.2710E-5	-1.2710E-5	-1.2710E-5	-1.2710E-5	  -20.0000	   26.5261	    1.1698	    0.0000	
 -410.0000	-1.2820E-5	-1.2820E-5	-1.2820E-5	-1.2820E-5	-1.2820E-5	  -20.0000	   26.5261	    1.1698	    0.0000	
 -420.0000	-1.2930E-5	-1.2930E-5	-1.2930E-5	-1.2930E-5	-1.2930E-5	  -20.0000	   26.5261	    1.1698	    0.0000	
 -430.0000	-1.3040E-5	-1.3040E-5	-1.3040E-5	-1.3040E-5	-1.3040E-5	  -20.0000	   26.5261	    1.1698	    0.0000	
 -440.0000	-1.3150E-5	-1.3150E-5	-1.3150E-5	-1.3150E-5	-1.3150E-5	  -20.0000	   26.5261	    1.1698	    0.0000	
 -450.0000	-1.3250E-5	-1.3250E-5	-1.3250E-5	-1.3250E-5	-1.3250E-5	  -20.0000	   26.5261	    1.1698	    0.0000	
 -460.0000	-1.3350E-5	-1.3350E-5	-1.3350E-5	-1.3350E-5	-1.3350E-5	  -20.0000	   26.5261	    1.1698	    0.0000	
 -470.0000	-1.3450E-5	-1.3450E-5	-1.3450E-5	-1.3450E-5	-1.3450E-5	  -20.0000	   26.5261	    1.1698	    0.0000	
 -480.0000	-1.3550E-5	-1.3550E-5	-1.3550E-5	-1.3550E-5	-1.3550E-5	  -20.0000	   26.5261	    1.1698	    0.0000	
 -490.0000	-1.3640E-5	-1.3640E-5	-1.3640E-5	-1.3640E-5	-1.3640E-5	  -20.0000	   26.5261	    1.1698	    0.0000	
 -500.0000	-1.3730E-5	-1.3730E-5	-1.3730E-5	-1.3730E-5	-1.3730E-5	  -20.0000	   26.5261	    1.1698	    0.0000	
 -510.0000	-1.3820E-5	-1.3820E-5	-1.3820E-5	-1.3820E-5	-1.3820E-5	  -20.0000	   26.5261	    1.1698	    0.0000	
 -520.0000	-1.3910E-5	-1.3910E-5	-1.3910E-5	-1.3910E-5	-1.3910E-5	  -20.0000	   26.5261	    1.1698	    0.0000	
 -530.0000	-1.4000E-5	-1.4000E-5	-1.4000E-5	-1.4000E-5	-1.4000E-5	  -20.0000	   26.5261	    1.1698	    0.0000	
 -540.0000	-1.4080E-5	-1.4080E-5	-1.4080E-5	-1.4080E-5	-1.4080E-5	  -20.0000	   26.5261	    1.1698	    0.0000	
 -550.0000	-1.4170E-5	-1.4170E-5	-1.4170E-5	-1.4170E-5	-1.4170E-5	  -20.0000	   26.5261	    1.1698	    0.0000	
 -560.0000	-1.4240E-5	-1.4240E-5	-1.4240E-5	-1.4240E-5	-1.4240E-5	  -20.0000	   26.5261	    1.1698	    0.0000	
 -570.0000	-1.4320E-5	-1.4320E-5	-1.4320E-5	-1.4320E-5	-1.4320E-5	  -20.0000	   26.5261	    1.1698	    0.0000	
 -580.0000	-1.4410E-5	-1.4410E-5	-1.4410E-5	-1.4410E-5	-1.4410E-5	  -20.0000	   26.5261	    1.1698	    0.0000	
 -590.0000	-1.4480E-5	-1.4480E-5	-1.4480E-5	-1.4480E-5	-1.4480E-5	  -20.0000	   26.5261	    1.1698	    0.0000	
 -600.0000	-1.4560E-5	-1.4560E-5	-1.4560E-5	-1.4560E-5	-1.4560E-5	  -20.0000	   26.5261	    1.1698	    0.0000	
 -610.0000	-1.4640E-5	-1.4640E-5	-1.4640E-5	-1.4640E-5	-1.4640E-5	  -20.0000	   26.5261	    1.1698	    0.0000	
 -620.0000	-1.4710E-5	-1.4710E-5	-1.4710E-5	-1.4710E-5	-1.4710E-5	  -20.0000	   26.5261	    1.1698	    0.0000	
 -630.0000	-1.4790E-5	-1.4790E-5	-1.4790E-5	-1.4790E-5	-1.4790E-5	  -20.0000	   26.5261	    1.1698	    0.0000	
 -640.0000	-1.4860E-5	-1.4860E-5	-1.4860E-5	-1.4860E-5	-1.4860E-5	  -20.0000	   26.5261	    1.1698	    0.0000	
 -650.0000	-1.4930E-5	-1.4930E-5	-1.4930E-5	-1.4930E-5	-1.4930E-5	  -20.0000	   26.5261	    1.1698	    0.0000	
 -660.0000	-1.5000E-5	-1.5000E-5	-1.5000E-5	-1.5000E-5	-1.5000E-5	  -20.0000	   26.5261	    1.1698	    0.0000	
 -670.0000	-1.5070E-5	-1.5070E-5	-1.5070E-5	-1.5070E-5	-1.5070E-5	  -20.0000	   26.5261	    1.1698	    0.0000	
 -680.0000	-1.5140E-5	-1.5140E-5	-1.5140E-5	-1.5140E-5	-1.5140E-5	  -20.0000	   26.5261	    1.1698	    0.0000	
 -690.0000	-1.5200E-5	-1.5200E-5	-1.5200E-5	-1.5200E-5	-1.5200E-5	  -20.0000	   26.5261	    1.1698	    0.0000	
 -700.0000	-1.5260E-5	-1.5260E-5	-1.5260E-5	-1.5260E-5	-1.5260E-5	  -20.0000	   26.5261	    1.1698	    0.0000	
 -710.0000	-1.5330E-5	-1.5330E-5	-1.5330E-5	-1.5330E-5	-1.5330E-5	  -20.0000	   26.5261	    1.1698	    0.0000	
 -720.0000	-1.5390E-5	-1.5390E-5	-1.5390E-5	-1.5390E-5	-1.5390E-5	  -20.0000	   26.5261	    1.1698	    0.0000	
 -730.0000	-1.5460E-5	-1.5460E-5	-1.5460E-5	-1.5460E-5	-1.5460E-5	  -20.0000	   26.5261	    1.1698	    0.0000	
 -740.0000	-1.5520E-5	-1.5520E-5	-1.5520E-5	-1.5520E-5	-1.5520E-5	  -20.0000	   26.5261	    1.1698	    0.0000	
 -750.0000	-1.5580E-5	-1.5580E-5	-1.5580E-5	-1.5580E-5	-1.5580E-5	  -20.0000	   26.5261	    1.1698	    0.0000	
 -760.0000	-1.5640E-5	-1.5640E-5	-1.5640E-5	-1.5640E-5	-1.5640E-5	  -20.0000	   26.5261	    1.1698	    0.0000	
 -770.0000	-1.5700E-5	-1.5700E-5	-1.5700E-5	-1.5700E-5	-1.5700E-5	  -20.0000	   26.5261	    1.1698	    0.0000	
 -780.0000	-1.5760E-5	-1.5760E-5	-1.5760E-5	-1.5760E-5	-1.5760E-5	  -20.0000	   26.5261	    1.1698	    0.0000	
 -790.0000	-1.5820E-5	-1.5820E-5	-1.5820E-5	-1.5820E-5	-1.5820E-5	  -20.0000	   26.5261	    1.1698	    0.0000	
 -800.0000	-1.5870E-5	-1.5870E-5	-1.5870E-5	-1.5870E-5	-1.5870E-5	  -20.0000	   26.5261	    1.1698	    0.0000	
 -810.0000	-1.5920E-5	-1.5920E-5	-1.5920E-5	-1.5920E-5	-1.5920E-5	  -20.0000	   26.5261	    1.1698	    0.0000	
 -820.0000	-1.5980E-5	-1.5980E-5	-1.5980E-5	-1.5980E-5	-1.5980E-5	  -20.0000	   26.5261	    1.1698	    0.0000	
 -830.0000	-1.6040E-5	-1.6040E-5	-1.6040E-5	-1.6040E-5	-1.6040E-5	  -20.0000	   26.5261	    1.1698	    0.0000	
 -840.0000	-1.6100E-5	-1.6100E-5	-1.6100E-5	-1.6100E-5	-1.6100E-5	  -20.0000	   26.5261	    1.1698	    0.0000	
 -850.0000	-1.6160E-5	-1.6160E-5	-1.6160E-5	-1.6160E-5	-1.6160E-5	  -20.0000	   26.5261	    1.1698	    0.0000	
 -860.0000	-1.6210E-5	-1.6210E-5	-1.6210E-5	-1.6210E-5	-1.6210E-5	  -20.0000	   26.5261	    1.1698	    0.0000	
 -870.0000	-1.6260E-5	-1.6260E-5	-1.6260E-5	-1.6260E-5	-1.6260E-5	  -20.0000	   26.5261	    1.1698	    0.0000	
 -880.0000	-1.6320E-5	-1.6320E-5	-1.6320E-5	-1.6320E-5	-1.6320E-5	  -20.0000	   26.5261	    1.1698	    0.0000	
 -890.0000	-1.6370E-5	-1.6370E-5	-1.6370E-5	-1.6370E-5	-1.6370E-5	  -20.0000	   26.5261	    1.1698	    0.0000	
 -900.0000	-1.6430E-5	-1.6430E-5	-1.6430E-5	-1.6430E-5	-1.6430E-5	  -20.0000	   26.5261	    1.1698	    0.0000	
 -910.0000	-1.6480E-5	-1.6480E-5	-1.6480E-5	-1.6480E-5	-1.6480E-5	  -20.0000	   26.5261	    1.1698	    0.0000	
 -920.0000	-1.6530E-5	-1.6530E-5	-1.6530E-5	-1.6530E-5	-1.6530E-5	  -20.0000	   26.5261	    1.1698	    0.0000	
 -930.0000	-1.6590E-5	-1.6590E-5	-1.6590E-5	-1.6590E-5	-1.6590E-5	  -20.0000	   26.5261	    1.1698	    0.0000	
 -940.0000	-1.6650E-5	-1.6650E-5	-1.6650E-5	-1.6650E-5	-1.6650E-5	  -20.0000	   26.5261	    1.1698	    0.0000	
 -950.0000	-1.6700E-5	-1.6700E-5	-1.6700E-5	-1.6700E-5	-1.6700E-5	  -20.0000	   26.5261	    1.1698	    0.0000	
 -960.0000	-1.6760E-5	-1.6760E-5	-1.6760E-5	-1.6760E-5	-1.6760E-5	  -20.0000	   26.5261	    1.1698	    0.0000	
 -970.0000	-1.6810E-5	-1.6810E-5	-1.6810E-5	-1.6810E-5	-1.6810E-5	  -20.0000	   26.5261	    1.1698	    0.0000	
 -980.0000	-1.6860E-5	-1.6860E-5	-1.6860E-5	-1.6860E-5	-1.6860E-5	  -20.0000	   26.5261	    1.1698	    0.0000	
 -990.0000	-1.6920E-5	-1.6920E-5	-1.6920E-5	-1.6920E-5	-1.6920E-5	  -20.0000	   26.5261	    1.1698	    0.0000	
-1000.0000	-1.6980E-5	-1.6980E-5	-1.6980E-5	-1.6980E-5	-1.6980E-5	  -20.0000	   26.5261	    1.1698	    0.0000	
