GCD Test
Bias: 5000.000000
IV_34331_042_2-S_HM_XX_DIODE_Irradiated
Date/Time: 10/25/2021 11:13:54 AM
Sensor Name: DIODE
Type: P
Annealing Status: Irradiated and Annealed at 60C for 80 Minutes
Environment: -20C
Tester: Andrew Kent

Time Delay per Ramp Step (s): 1.000

CV Time Delay per Measurement (s) :0.500

AC Voltage (V): 0.500

Current Number of measurements per voltage: 4.000

IV Time Delay per Measurement (s) :0.000


BiasVoltage	Total Current_Avg	Total Current_0	Total Current_1	Total Current_2	Total Current_3	Bias Current_Avg	Bias Current_0	Bias Current_1	Bias Current_2	Bias Current_3	Temperature	Air_Temp	Humidity	Dewpoint	
  -10.0000	-7.0302E-7	-7.0320E-7	-7.0410E-7	-7.0490E-7	-6.9990E-7	-6.953032E-7	-6.957175E-7	-6.959866E-7	-6.940767E-7	-6.954320E-7	  -20.5171	   12.6849	    5.7119	  -24.5220	
  -20.0000	-9.1812E-7	-9.1630E-7	-9.2090E-7	-9.2070E-7	-9.1460E-7	-9.122385E-7	-9.118932E-7	-9.105298E-7	-9.114052E-7	-9.151257E-7	  -20.6214	   12.6501	    5.6701	  -24.6285	
  -30.0000	-1.0802E-6	-1.0820E-6	-1.0800E-6	-1.0770E-6	-1.0820E-6	-1.081180E-6	-1.077487E-6	-1.077266E-6	-1.083666E-6	-1.086302E-6	  -20.6620	   12.6906	    5.6600	  -24.6189	
  -40.0000	-1.2158E-6	-1.2190E-6	-1.2130E-6	-1.2130E-6	-1.2180E-6	-1.219161E-6	-1.216935E-6	-1.218216E-6	-1.221592E-6	-1.219900E-6	  -20.6112	   12.6906	    5.6493	  -24.6399	
  -50.0000	-1.3530E-6	-1.3480E-6	-1.3530E-6	-1.3570E-6	-1.3540E-6	-1.347429E-6	-1.351450E-6	-1.345603E-6	-1.345786E-6	-1.346877E-6	  -20.6061	   12.5977	    5.6243	  -24.7563	
  -60.0000	-1.4515E-6	-1.4550E-6	-1.4560E-6	-1.4470E-6	-1.4480E-6	-1.464481E-6	-1.456297E-6	-1.468682E-6	-1.463429E-6	-1.469516E-6	  -20.7256	   12.6828	    5.6047	  -24.7332	
  -70.0000	-1.5468E-6	-1.5580E-6	-1.5450E-6	-1.5390E-6	-1.5450E-6	-1.538728E-6	-1.543585E-6	-1.544559E-6	-1.536448E-6	-1.530320E-6	  -20.6570	   12.7135	    5.5702	  -24.7792	
  -80.0000	-1.6338E-6	-1.6400E-6	-1.6360E-6	-1.6220E-6	-1.6370E-6	-1.625130E-6	-1.630639E-6	-1.628010E-6	-1.623876E-6	-1.617997E-6	  -20.6671	   12.7234	    5.5392	  -24.8336	
  -90.0000	-1.7257E-6	-1.7230E-6	-1.7370E-6	-1.7270E-6	-1.7160E-6	-1.713959E-6	-1.711296E-6	-1.715110E-6	-1.717223E-6	-1.712209E-6	  -20.6086	   12.6748	    5.5013	  -24.9446	
 -100.0000	-1.7860E-6	-1.7840E-6	-1.7840E-6	-1.7880E-6	-1.7880E-6	-1.783527E-6	-1.791616E-6	-1.786519E-6	-1.779093E-6	-1.776880E-6	  -20.5934	   12.5810	    5.4674	  -25.0805	
 -110.0000	-1.8632E-6	-1.8730E-6	-1.8580E-6	-1.8600E-6	-1.8620E-6	-1.868438E-6	-1.869327E-6	-1.867303E-6	-1.864985E-6	-1.872135E-6	  -20.5781	   12.5873	    5.4491	  -25.1129	
 -120.0000	-1.9532E-6	-1.9560E-6	-1.9570E-6	-1.9480E-6	-1.9520E-6	-1.947268E-6	-1.947474E-6	-1.946410E-6	-1.949123E-6	-1.946064E-6	  -20.4789	   12.5014	    5.4181	  -25.2378	
 -130.0000	-2.0328E-6	-2.0330E-6	-2.0370E-6	-2.0350E-6	-2.0260E-6	-2.016749E-6	-2.018724E-6	-2.019920E-6	-2.017216E-6	-2.011135E-6	  -20.4255	   12.5014	    5.4051	  -25.2642	
 -140.0000	-2.0777E-6	-2.0780E-6	-2.0730E-6	-2.0780E-6	-2.0820E-6	-2.082590E-6	-2.080416E-6	-2.082360E-6	-2.084621E-6	-2.082964E-6	  -20.4179	   12.4903	    5.3903	  -25.3024	
 -150.0000	-2.1723E-6	-2.1740E-6	-2.1740E-6	-2.1720E-6	-2.1690E-6	-2.171662E-6	-2.171435E-6	-2.169554E-6	-2.169278E-6	-2.176381E-6	  -20.3162	   12.4703	    5.3694	  -25.3596	
 -160.0000	-2.2492E-6	-2.2450E-6	-2.2490E-6	-2.2550E-6	-2.2480E-6	-2.240870E-6	-2.236660E-6	-2.236120E-6	-2.242516E-6	-2.248183E-6	  -20.2475	   12.4985	    5.3229	  -25.4347	
 -170.0000	-2.2858E-6	-2.3020E-6	-2.2830E-6	-2.2810E-6	-2.2770E-6	-2.277360E-6	-2.276406E-6	-2.268744E-6	-2.281991E-6	-2.282301E-6	  -20.1559	   12.4985	    5.2973	  -25.4877	
 -180.0000	-2.3485E-6	-2.3440E-6	-2.3410E-6	-2.3490E-6	-2.3600E-6	-2.361933E-6	-2.359468E-6	-2.355297E-6	-2.358952E-6	-2.374016E-6	  -20.1330	   12.4540	    5.2827	  -25.5499	
 -190.0000	-2.4253E-6	-2.4170E-6	-2.4240E-6	-2.4290E-6	-2.4310E-6	-2.421997E-6	-2.422743E-6	-2.420726E-6	-2.425134E-6	-2.419386E-6	  -20.0669	   12.3747	    5.2615	  -25.6511	
 -200.0000	-2.4817E-6	-2.4830E-6	-2.4940E-6	-2.4830E-6	-2.4670E-6	-2.463546E-6	-2.458102E-6	-2.462450E-6	-2.469780E-6	-2.463852E-6	  -20.0669	   12.3747	    5.2375	  -25.7013	
 -210.0000	-2.5402E-6	-2.5280E-6	-2.5370E-6	-2.5480E-6	-2.5480E-6	-2.558497E-6	-2.545676E-6	-2.555757E-6	-2.566408E-6	-2.566149E-6	  -20.0211	   12.3868	    5.2163	  -25.7369	
 -220.0000	-2.6252E-6	-2.6380E-6	-2.6260E-6	-2.6180E-6	-2.6190E-6	-2.623263E-6	-2.610455E-6	-2.627116E-6	-2.632175E-6	-2.623307E-6	  -19.9550	   12.4162	    5.1869	  -25.7777	
 -230.0000	-2.6860E-6	-2.6720E-6	-2.6860E-6	-2.6920E-6	-2.6940E-6	-2.691572E-6	-2.694648E-6	-2.687904E-6	-2.690651E-6	-2.693083E-6	  -19.8863	   12.4162	    5.1632	  -25.8279	
 -240.0000	-2.7507E-6	-2.7300E-6	-2.7590E-6	-2.7590E-6	-2.7550E-6	-2.730225E-6	-2.737643E-6	-2.730793E-6	-2.723223E-6	-2.729242E-6	  -19.8812	   12.3751	    5.1467	  -25.8923	
 -250.0000	-2.7692E-6	-2.7770E-6	-2.7700E-6	-2.7690E-6	-2.7610E-6	-2.767625E-6	-2.762842E-6	-2.770661E-6	-2.771384E-6	-2.765613E-6	  -19.8838	   12.3249	    5.1243	  -25.9761	
 -260.0000	-2.8542E-6	-2.8490E-6	-2.8540E-6	-2.8570E-6	-2.8570E-6	-2.841153E-6	-2.847963E-6	-2.837071E-6	-2.837419E-6	-2.842160E-6	  -19.8659	   12.3199	    5.0882	  -26.0568	
 -270.0000	-2.8750E-6	-2.8950E-6	-2.8790E-6	-2.8650E-6	-2.8610E-6	-2.858005E-6	-2.855639E-6	-2.853286E-6	-2.860413E-6	-2.862681E-6	  -19.8227	   12.3199	    5.0699	  -26.0962	
 -280.0000	-2.9292E-6	-2.9430E-6	-2.9350E-6	-2.9240E-6	-2.9150E-6	-2.911798E-6	-2.911460E-6	-2.908104E-6	-2.916448E-6	-2.911182E-6	  -19.8125	   12.3241	    5.0433	  -26.1506	
 -290.0000	-2.9505E-6	-2.9560E-6	-2.9370E-6	-2.9520E-6	-2.9570E-6	-2.975372E-6	-2.965755E-6	-2.974468E-6	-2.975985E-6	-2.985279E-6	  -19.8278	   12.3163	    5.0452	  -26.1521	
 -300.0000	-3.0377E-6	-3.0480E-6	-3.0260E-6	-3.0340E-6	-3.0430E-6	-3.030702E-6	-3.047501E-6	-3.035803E-6	-3.024987E-6	-3.014517E-6	  -19.7896	   12.2899	    5.0180	  -26.2299	
 -310.0000	-3.1038E-6	-3.0960E-6	-3.1150E-6	-3.1150E-6	-3.0890E-6	-3.073109E-6	-3.077363E-6	-3.070629E-6	-3.065466E-6	-3.078977E-6	  -19.7744	   12.2651	    5.0174	  -26.2491	
 -320.0000	-3.1255E-6	-3.1240E-6	-3.1210E-6	-3.1190E-6	-3.1380E-6	-3.124816E-6	-3.132921E-6	-3.132208E-6	-3.122105E-6	-3.112031E-6	  -19.8583	   12.2789	    5.0199	  -26.2337	
 -330.0000	-3.1575E-6	-3.1450E-6	-3.1500E-6	-3.1570E-6	-3.1780E-6	-3.207778E-6	-3.197364E-6	-3.218651E-6	-3.212208E-6	-3.202888E-6	  -19.8252	   12.2540	    5.0171	  -26.2577	
 -340.0000	-3.2473E-6	-3.2430E-6	-3.2600E-6	-3.2470E-6	-3.2390E-6	-3.245511E-6	-3.243890E-6	-3.248755E-6	-3.240999E-6	-3.248400E-6	  -19.8024	   12.2559	    5.0038	  -26.2853	
 -350.0000	-3.2645E-6	-3.2800E-6	-3.2730E-6	-3.2600E-6	-3.2450E-6	-3.247818E-6	-3.233109E-6	-3.237521E-6	-3.255311E-6	-3.265330E-6	  -19.8812	   12.2240	    4.9889	  -26.3405	
 -360.0000	-3.3128E-6	-3.3090E-6	-3.3230E-6	-3.3130E-6	-3.3060E-6	-3.309586E-6	-3.308226E-6	-3.318360E-6	-3.311264E-6	-3.300495E-6	  -19.9016	   12.2156	    4.9633	  -26.4026	
 -370.0000	-3.3692E-6	-3.3560E-6	-3.3710E-6	-3.3760E-6	-3.3740E-6	-3.348177E-6	-3.352373E-6	-3.353415E-6	-3.345996E-6	-3.340923E-6	  -19.9117	   12.2218	    4.9532	  -26.4203	
 -380.0000	-3.4032E-6	-3.3950E-6	-3.4080E-6	-3.4060E-6	-3.4040E-6	-3.393741E-6	-3.399299E-6	-3.391416E-6	-3.385660E-6	-3.398589E-6	  -19.8787	   12.1413	    4.9263	  -26.5371	
 -390.0000	-3.4257E-6	-3.4350E-6	-3.4440E-6	-3.4190E-6	-3.4050E-6	-3.398896E-6	-3.410704E-6	-3.402730E-6	-3.394993E-6	-3.387156E-6	  -19.8838	   12.1450	    4.8884	  -26.6185	
 -400.0000	-3.4300E-6	-3.4130E-6	-3.4220E-6	-3.4390E-6	-3.4460E-6	-3.409433E-6	-3.425338E-6	-3.410999E-6	-3.399308E-6	-3.402086E-6	  -19.9423	   12.1535	    4.8710	  -26.6511	
 -410.0000	-3.4833E-6	-3.4630E-6	-3.4790E-6	-3.4930E-6	-3.4980E-6	-3.486035E-6	-3.488408E-6	-3.488569E-6	-3.490530E-6	-3.476634E-6	  -19.9575	   12.0846	    4.8672	  -26.7088	
 -420.0000	-3.5022E-6	-3.5110E-6	-3.5070E-6	-3.5010E-6	-3.4900E-6	-3.497104E-6	-3.489372E-6	-3.494787E-6	-3.498523E-6	-3.505736E-6	  -19.8125	   12.0636	    4.8479	  -26.7669	
 -430.0000	-3.5380E-6	-3.5450E-6	-3.5300E-6	-3.5350E-6	-3.5420E-6	-3.548015E-6	-3.544965E-6	-3.551062E-6	-3.547274E-6	-3.548758E-6	  -19.9601	   12.0610	    4.8409	  -26.7844	
 -440.0000	-3.5838E-6	-3.5940E-6	-3.5820E-6	-3.5740E-6	-3.5850E-6	-3.580705E-6	-3.573849E-6	-3.590807E-6	-3.579598E-6	-3.578568E-6	  -20.0694	   12.0663	    4.8469	  -26.7671	
 -450.0000	-3.5860E-6	-3.6030E-6	-3.5810E-6	-3.5820E-6	-3.5780E-6	-3.565534E-6	-3.559398E-6	-3.573079E-6	-3.568330E-6	-3.561328E-6	  -20.0338	   12.0948	    4.8087	  -26.8327	
 -460.0000	-3.6133E-6	-3.6040E-6	-3.6130E-6	-3.6160E-6	-3.6200E-6	-3.620675E-6	-3.614921E-6	-3.621247E-6	-3.617234E-6	-3.629299E-6	  -19.9804	   12.0431	    4.8030	  -26.8824	
 -470.0000	-3.6735E-6	-3.6720E-6	-3.6840E-6	-3.6750E-6	-3.6630E-6	-3.628629E-6	-3.637469E-6	-3.626344E-6	-3.620574E-6	-3.630128E-6	  -20.0415	   12.0431	    4.7856	  -26.9217	
 -480.0000	-3.6382E-6	-3.6390E-6	-3.6400E-6	-3.6410E-6	-3.6330E-6	-3.639228E-6	-3.626416E-6	-3.635317E-6	-3.648460E-6	-3.646720E-6	  -20.0415	   12.0391	    4.7758	  -26.9468	
 -490.0000	-3.6797E-6	-3.6930E-6	-3.7010E-6	-3.6630E-6	-3.6620E-6	-3.662840E-6	-3.677617E-6	-3.670364E-6	-3.658170E-6	-3.645210E-6	  -20.0745	   12.0108	    4.7799	  -26.9576	
 -500.0000	-3.6827E-6	-3.6630E-6	-3.6740E-6	-3.6980E-6	-3.6960E-6	-3.689849E-6	-3.689004E-6	-3.686189E-6	-3.689574E-6	-3.694631E-6	  -20.0847	   12.0231	    4.7808	  -26.9467	
 -510.0000	-3.7010E-6	-3.7290E-6	-3.7140E-6	-3.6930E-6	-3.6680E-6	-3.691513E-6	-3.675025E-6	-3.679404E-6	-3.695677E-6	-3.715948E-6	  -20.1610	   11.9350	    4.7887	  -26.9917	
 -520.0000	-3.7470E-6	-3.7330E-6	-3.7390E-6	-3.7480E-6	-3.7680E-6	-3.768874E-6	-3.772506E-6	-3.770442E-6	-3.767665E-6	-3.764884E-6	  -20.1864	   11.9910	    4.7764	  -26.9797	
 -530.0000	-3.7965E-6	-3.7800E-6	-3.7890E-6	-3.8110E-6	-3.8060E-6	-3.786229E-6	-3.795637E-6	-3.792492E-6	-3.782865E-6	-3.773923E-6	  -20.2271	   11.9688	    4.7587	  -27.0357	
 -540.0000	-3.7737E-6	-3.7720E-6	-3.7690E-6	-3.7870E-6	-3.7670E-6	-3.760054E-6	-3.754159E-6	-3.757933E-6	-3.768278E-6	-3.759845E-6	  -20.1381	   12.0110	    4.7483	  -27.0293	
 -550.0000	-3.7947E-6	-3.7730E-6	-3.7980E-6	-3.8000E-6	-3.8080E-6	-3.826970E-6	-3.807324E-6	-3.829664E-6	-3.839931E-6	-3.830961E-6	  -20.1432	   12.0638	    4.7154	  -27.0669	
 -560.0000	-3.8095E-6	-3.8360E-6	-3.7990E-6	-3.7940E-6	-3.8090E-6	-3.775799E-6	-3.783372E-6	-3.779635E-6	-3.777270E-6	-3.762919E-6	  -20.1305	   12.0638	    4.7030	  -27.0952	
 -570.0000	-3.7832E-6	-3.7930E-6	-3.7720E-6	-3.7780E-6	-3.7900E-6	-3.791066E-6	-3.779974E-6	-3.801866E-6	-3.797196E-6	-3.785229E-6	  -20.1279	   12.0667	    4.7015	  -27.0967	
 -580.0000	-3.8412E-6	-3.8290E-6	-3.8280E-6	-3.8450E-6	-3.8630E-6	-3.853401E-6	-3.851255E-6	-3.848647E-6	-3.852442E-6	-3.861262E-6	  -20.1000	   12.0233	    4.6863	  -27.1626	
 -590.0000	-3.8402E-6	-3.8590E-6	-3.8510E-6	-3.8320E-6	-3.8190E-6	-3.800915E-6	-3.818767E-6	-3.807309E-6	-3.794300E-6	-3.783284E-6	  -20.0567	   11.9865	    4.6730	  -27.2195	
 -600.0000	-3.8780E-6	-3.8630E-6	-3.8960E-6	-3.8760E-6	-3.8770E-6	-3.870969E-6	-3.871263E-6	-3.875851E-6	-3.872383E-6	-3.864380E-6	  -20.0516	   11.9865	    4.6664	  -27.2348	
 -610.0000	-3.8485E-6	-3.8460E-6	-3.8430E-6	-3.8370E-6	-3.8680E-6	-3.889130E-6	-3.898336E-6	-3.898318E-6	-3.885688E-6	-3.874177E-6	  -20.2526	   11.9533	    4.6591	  -27.2753	
 -620.0000	-3.9033E-6	-3.8870E-6	-3.8910E-6	-3.9070E-6	-3.9280E-6	-3.960346E-6	-3.948804E-6	-3.969267E-6	-3.969323E-6	-3.953989E-6	  -20.1305	   11.8837	    4.6597	  -27.3234	
 -630.0000	-3.9207E-6	-3.9270E-6	-3.9220E-6	-3.9110E-6	-3.9230E-6	-3.937029E-6	-3.923653E-6	-3.928912E-6	-3.932958E-6	-3.962594E-6	  -20.1051	   11.9494	    4.6531	  -27.2920	
 -640.0000	-3.9968E-6	-3.9920E-6	-4.0150E-6	-3.9980E-6	-3.9820E-6	-3.975579E-6	-3.969422E-6	-3.967883E-6	-3.983351E-6	-3.981662E-6	  -20.1000	   11.9310	    4.6448	  -27.3242	
 -650.0000	-3.9543E-6	-3.9730E-6	-3.9490E-6	-3.9410E-6	-3.9540E-6	-3.985316E-6	-3.979476E-6	-3.975409E-6	-3.988902E-6	-3.997476E-6	  -20.0847	   11.8687	    4.6328	  -27.3964	
 -660.0000	-3.9892E-6	-3.9950E-6	-3.9690E-6	-3.9930E-6	-4.0000E-6	-3.978376E-6	-4.002120E-6	-3.987295E-6	-3.969225E-6	-3.954866E-6	  -20.0669	   11.8816	    4.6290	  -27.3961	
 -670.0000	-4.0135E-6	-4.0030E-6	-4.0210E-6	-4.0210E-6	-4.0090E-6	-3.999498E-6	-3.994181E-6	-4.007386E-6	-3.997387E-6	-3.999037E-6	  -20.0567	   11.8946	    4.6195	  -27.4090	
 -680.0000	-4.0145E-6	-4.0340E-6	-4.0190E-6	-4.0150E-6	-3.9900E-6	-3.984048E-6	-3.977202E-6	-3.970740E-6	-3.989145E-6	-3.999106E-6	  -20.0364	   11.8376	    4.6082	  -27.4761	
 -690.0000	-4.0135E-6	-4.0280E-6	-4.0380E-6	-4.0000E-6	-3.9880E-6	-4.004349E-6	-3.983532E-6	-3.992685E-6	-4.019820E-6	-4.021357E-6	  -20.0516	   11.8178	    4.5990	  -27.5116	
 -700.0000	-3.9848E-6	-3.9880E-6	-3.9880E-6	-3.9840E-6	-3.9790E-6	-3.979783E-6	-3.983611E-6	-3.983054E-6	-3.976759E-6	-3.975707E-6	  -20.0618	   11.8301	    4.6025	  -27.4948	
 -710.0000	-4.0028E-6	-4.0130E-6	-4.0040E-6	-3.9840E-6	-4.0100E-6	-4.027149E-6	-4.016209E-6	-4.024979E-6	-4.033113E-6	-4.034293E-6	  -20.0287	   11.7763	    4.5784	  -27.5894	
 -720.0000	-4.0540E-6	-4.0640E-6	-4.0670E-6	-4.0540E-6	-4.0310E-6	-4.021792E-6	-4.012599E-6	-4.017202E-6	-4.027417E-6	-4.029952E-6	  -20.0109	   11.7927	    4.5623	  -27.6157	
 -730.0000	-4.0373E-6	-4.0430E-6	-4.0480E-6	-4.0340E-6	-4.0240E-6	-4.017766E-6	-4.022420E-6	-4.020592E-6	-4.014263E-6	-4.013789E-6	  -20.0237	   11.7601	    4.5332	  -27.7076	
 -740.0000	-4.0865E-6	-4.0750E-6	-4.0870E-6	-4.0850E-6	-4.0990E-6	-4.115546E-6	-4.102925E-6	-4.113444E-6	-4.119564E-6	-4.126250E-6	  -19.9652	   11.7757	    4.5231	  -27.7206	
 -750.0000	-4.1340E-6	-4.1520E-6	-4.1390E-6	-4.1280E-6	-4.1170E-6	-4.114362E-6	-4.119554E-6	-4.105271E-6	-4.119679E-6	-4.112944E-6	  -19.8761	   11.7393	    4.5108	  -27.7757	
 -760.0000	-4.1427E-6	-4.1580E-6	-4.1450E-6	-4.1490E-6	-4.1190E-6	-4.083244E-6	-4.092958E-6	-4.084084E-6	-4.079076E-6	-4.076859E-6	  -20.0186	   11.7182	    4.5016	  -27.8125	
 -770.0000	-4.1338E-6	-4.1120E-6	-4.1320E-6	-4.1350E-6	-4.1560E-6	-4.160860E-6	-4.162856E-6	-4.164333E-6	-4.159894E-6	-4.156358E-6	  -19.9753	   11.6975	    4.5108	  -27.8054	
 -780.0000	-4.1725E-6	-4.2160E-6	-4.1840E-6	-4.1520E-6	-4.1380E-6	-4.126053E-6	-4.133382E-6	-4.129096E-6	-4.125182E-6	-4.116551E-6	  -19.9473	   11.6745	    4.5003	  -27.8466	
 -790.0000	-4.1938E-6	-4.2020E-6	-4.2010E-6	-4.1760E-6	-4.1960E-6	-4.197747E-6	-4.203798E-6	-4.211120E-6	-4.193259E-6	-4.182810E-6	  -19.9677	   11.6305	    4.5006	  -27.8770	
 -800.0000	-4.1822E-6	-4.2020E-6	-4.1820E-6	-4.1730E-6	-4.1720E-6	-4.175584E-6	-4.182034E-6	-4.178351E-6	-4.176090E-6	-4.165863E-6	  -19.9550	   11.6342	    4.4848	  -27.9122	
 -810.0000	-4.1860E-6	-4.1970E-6	-4.1840E-6	-4.1840E-6	-4.1790E-6	-4.165994E-6	-4.173630E-6	-4.163925E-6	-4.156484E-6	-4.169938E-6	  -19.9906	   11.6515	    4.4700	  -27.9355	
 -820.0000	-4.2163E-6	-4.2220E-6	-4.2070E-6	-4.2060E-6	-4.2300E-6	-4.210928E-6	-4.209659E-6	-4.210287E-6	-4.209669E-6	-4.214097E-6	  -20.0465	   11.6934	    4.4617	  -27.9255	
 -830.0000	-4.2420E-6	-4.2380E-6	-4.2400E-6	-4.2410E-6	-4.2490E-6	-4.242954E-6	-4.246090E-6	-4.243744E-6	-4.247139E-6	-4.234841E-6	  -20.0287	   11.7160	    4.4497	  -27.9385	
 -840.0000	-4.2348E-6	-4.2440E-6	-4.2430E-6	-4.2230E-6	-4.2290E-6	-4.232148E-6	-4.228238E-6	-4.240620E-6	-4.234523E-6	-4.225209E-6	  -20.0364	   11.7160	    4.4551	  -27.9255	
 -850.0000	-4.2603E-6	-4.2440E-6	-4.2440E-6	-4.2650E-6	-4.2880E-6	-4.293879E-6	-4.295727E-6	-4.295484E-6	-4.301612E-6	-4.282693E-6	  -20.0364	   11.6832	    4.4522	  -27.9556	
 -860.0000	-4.2667E-6	-4.2690E-6	-4.2770E-6	-4.2610E-6	-4.2600E-6	-4.254275E-6	-4.253721E-6	-4.266761E-6	-4.254865E-6	-4.241751E-6	  -20.0669	   11.6249	    4.4684	  -27.9582	
 -870.0000	-4.2710E-6	-4.2630E-6	-4.2520E-6	-4.2860E-6	-4.2830E-6	-4.268254E-6	-4.275437E-6	-4.271588E-6	-4.262216E-6	-4.263774E-6	  -20.0338	   11.6242	    4.4674	  -27.9610	
 -880.0000	-4.3255E-6	-4.3280E-6	-4.3250E-6	-4.3260E-6	-4.3230E-6	-4.349352E-6	-4.350482E-6	-4.354225E-6	-4.340285E-6	-4.352416E-6	  -20.0313	   11.6220	    4.4655	  -27.9671	
 -890.0000	-4.3347E-6	-4.3620E-6	-4.3450E-6	-4.3180E-6	-4.3140E-6	-4.296916E-6	-4.299263E-6	-4.299238E-6	-4.298282E-6	-4.290882E-6	  -19.9982	   11.6217	    4.4503	  -28.0038	
 -900.0000	-4.2923E-6	-4.2920E-6	-4.2860E-6	-4.2910E-6	-4.3000E-6	-4.280067E-6	-4.276905E-6	-4.273435E-6	-4.285826E-6	-4.284102E-6	  -20.0516	   11.5811	    4.4326	  -28.0753	
 -910.0000	-4.3337E-6	-4.3340E-6	-4.3340E-6	-4.3360E-6	-4.3310E-6	-4.318632E-6	-4.311672E-6	-4.315289E-6	-4.321937E-6	-4.325629E-6	  -20.0160	   11.5707	    4.4418	  -28.0605	
 -920.0000	-4.3395E-6	-4.3530E-6	-4.3290E-6	-4.3420E-6	-4.3340E-6	-4.345548E-6	-4.337760E-6	-4.345079E-6	-4.349847E-6	-4.349507E-6	  -20.1051	   11.6162	    4.4241	  -28.0711	
 -930.0000	-4.3777E-6	-4.3650E-6	-4.3680E-6	-4.3840E-6	-4.3940E-6	-4.389231E-6	-4.388046E-6	-4.393507E-6	-4.391181E-6	-4.384190E-6	  -19.9601	   11.5502	    4.4374	  -28.0857	
 -940.0000	-4.4158E-6	-4.4220E-6	-4.4240E-6	-4.3920E-6	-4.4250E-6	-4.412869E-6	-4.421274E-6	-4.427372E-6	-4.409478E-6	-4.393351E-6	  -20.0135	   11.4977	    4.4171	  -28.1718	
 -950.0000	-4.3812E-6	-4.3860E-6	-4.3870E-6	-4.3760E-6	-4.3760E-6	-4.376541E-6	-4.378624E-6	-4.365727E-6	-4.373629E-6	-4.388186E-6	  -19.9880	   11.5514	    4.4096	  -28.1522	
 -960.0000	-4.4043E-6	-4.4080E-6	-4.4080E-6	-4.3940E-6	-4.4070E-6	-4.401228E-6	-4.402662E-6	-4.397181E-6	-4.404041E-6	-4.401027E-6	  -19.9906	   11.5351	    4.3839	  -28.2261	
 -970.0000	-4.4405E-6	-4.4580E-6	-4.4490E-6	-4.4160E-6	-4.4390E-6	-4.427697E-6	-4.429344E-6	-4.421862E-6	-4.435892E-6	-4.423688E-6	  -20.0593	   11.5405	    4.3542	  -28.2950	
 -980.0000	-4.4817E-6	-4.4680E-6	-4.4720E-6	-4.4910E-6	-4.4960E-6	-4.453901E-6	-4.476791E-6	-4.463617E-6	-4.441742E-6	-4.433456E-6	  -19.9931	   11.5608	    4.3520	  -28.2861	
 -990.0000	-4.5017E-6	-4.5150E-6	-4.5070E-6	-4.4910E-6	-4.4940E-6	-4.486576E-6	-4.497902E-6	-4.494679E-6	-4.484651E-6	-4.469072E-6	  -20.0389	   11.5424	    4.3311	  -28.3505	
-1000.0000	-4.4753E-6	-4.4660E-6	-4.4800E-6	-4.4810E-6	-4.4740E-6	-4.465986E-6	-4.470756E-6	-4.464115E-6	-4.460750E-6	-4.468322E-6	  -19.9423	   11.4770	    4.3118	  -28.4444	
